leaves,trees,coarseness,state,accuracy_train,accuracy_test
4.0,800.0,3000.0,3.0,0.8299792329448317,0.49684255877499406
4.0,400.0,3000.0,3.0,0.8300058516681927,0.4956276418743988
6.0,500.0,3000.0,3.0,0.7602077750643577,0.4955477648936979
4.0,500.0,2700.0,3.0,0.8277018814992397,0.4952386132935953
4.0,500.0,3000.0,3.0,0.8308081547224774,0.4949485765963112
4.0,200.0,3000.0,3.0,0.8288243239342145,0.4883734521967762
4.0,900.0,1800.0,3.0,0.8293476820560269,0.48539489155338145
4.0,900.0,1800.0,3.0,0.8293476820560269,0.48539489155338134
4.0,900.0,1800.0,3.0,0.8293476820560269,0.4853948915533812
4.0,400.0,1800.0,3.0,0.8279678765656122,0.4836888601521534
4.0,150.0,1800.0,3.0,0.824283034068199,0.4836727479313411
4.0,150.0,1800.0,3.0,0.824283034068199,0.48367274793134096
10.0,150.0,3000.0,3.0,0.6357428860953491,0.482669050488751
4.0,700.0,1800.0,3.0,0.8292226917552259,0.4814079896444966
8.0,150.0,2700.0,3.0,0.7010892146486012,0.4797620320472975
8.0,900.0,3000.0,3.0,0.6972114176621595,0.4797019520879837
8.0,300.0,3000.0,3.0,0.6935841763768011,0.47965045792602634
8.0,200.0,3000.0,3.0,0.6926856387337832,0.47857044618006583
8.0,150.0,3000.0,3.0,0.6924346883045923,0.4785574530695409
8.0,200.0,2700.0,3.0,0.7002401119073012,0.4779165758438697
8.0,400.0,3000.0,3.0,0.6950232706146108,0.4773434870408684
10.0,1000.0,3000.0,3.0,0.6444301110062307,0.47336020159848224
6.0,300.0,1800.0,3.0,0.7589975836009869,0.4733099470399269
12.0,200.0,3000.0,3.0,0.5979076275944024,0.46864886239057135
6.0,500.0,1800.0,3.0,0.7607283561600372,0.46857379682461553
10.0,50.0,3000.0,2.0,0.6576124446396989,0.46700355791335446
12.0,150.0,3000.0,3.0,0.5983138162560768,0.46691711104909184
10.0,400.0,2700.0,3.0,0.6451901736980743,0.4667329235670481
10.0,600.0,2700.0,3.0,0.6461072692252461,0.4663186871846916
10.0,500.0,2700.0,3.0,0.6461100343502872,0.4651367468307197
8.0,50.0,3000.0,2.0,0.7000684337545291,0.46435215547011144
4.0,900.0,1500.0,3.0,0.828835295890805,0.46408243214467726
4.0,900.0,1500.0,3.0,0.828835295890805,0.46408243214467715
10.0,150.0,2700.0,3.0,0.6444613180056165,0.46309230247117794
12.0,100.0,3000.0,3.0,0.5963791736847488,0.4630849475372477
4.0,200.0,1500.0,3.0,0.8283965313938161,0.4630849316960629
4.0,300.0,1500.0,3.0,0.8274667538187322,0.4627449421214296
10.0,250.0,1800.0,3.0,0.6435024212888876,0.46079820407778915
4.0,250.0,3000.0,2.0,0.8363403385037724,0.4607808949634672
8.0,900.0,1800.0,3.0,0.697704550523756,0.4597686087485092
6.0,250.0,1500.0,3.0,0.7591834218498605,0.45958862252359767
4.0,300.0,3000.0,2.0,0.8357252009147337,0.4585893042501148
6.0,50.0,1800.0,3.0,0.7532791704009728,0.45841818174439675
4.0,100.0,2700.0,2.0,0.8355686761139627,0.4580457109332845
4.0,500.0,2400.0,3.0,0.8253982474398345,0.45802098007927217
8.0,800.0,1800.0,3.0,0.6971333603220973,0.4573832863642584
6.0,1000.0,3000.0,2.0,0.767736622697111,0.4567486484375206
4.0,900.0,2400.0,3.0,0.8250644118602157,0.4561885891656686
8.0,100.0,3000.0,2.0,0.7048223715160238,0.4553915878448529
6.0,400.0,3000.0,2.0,0.7674653438849467,0.45486232284911776
8.0,600.0,1800.0,3.0,0.6972506248862325,0.4547342770324989
6.0,600.0,1500.0,3.0,0.7603355434651995,0.45437327629491187
6.0,900.0,1500.0,3.0,0.7604699557769121,0.4543437989999335
4.0,600.0,2400.0,3.0,0.8251233825927591,0.4541385845556637
6.0,150.0,3000.0,2.0,0.7673008550883217,0.45268552557624586
4.0,250.0,2700.0,2.0,0.8336277659178655,0.4526317813162327
10.0,500.0,1800.0,3.0,0.645100103315298,0.4513960585386958
10.0,500.0,1800.0,3.0,0.645100103315298,0.4513960585386957
10.0,900.0,1800.0,3.0,0.6452169442836045,0.45078264823663405
4.0,200.0,2100.0,3.0,0.8191173382568417,0.45061901070027066
12.0,600.0,2700.0,3.0,0.605520198696414,0.44953076974173345
4.0,300.0,2700.0,2.0,0.8335182637272621,0.4478464853695052
4.0,300.0,2700.0,2.0,0.8335182637272621,0.4478464853695052
4.0,500.0,2700.0,2.0,0.8340065519578354,0.4469449643604434
6.0,300.0,2400.0,3.0,0.7526424824091449,0.4464382730990364
6.0,50.0,2700.0,2.0,0.7676345832259618,0.4462055231956674
6.0,50.0,2700.0,2.0,0.7676345832259618,0.4462055231956671
12.0,50.0,3000.0,2.0,0.6047564467408427,0.4458597404322079
12.0,50.0,3000.0,2.0,0.6047564467408426,0.4458597404322079
8.0,800.0,3000.0,2.0,0.7073052445486216,0.4457986749499928
8.0,700.0,3000.0,2.0,0.7070859510616676,0.44446399640865597
4.0,900.0,1500.0,2.0,0.8378684488857628,0.4441234568167286
4.0,900.0,1500.0,2.0,0.8378684488857628,0.4441234568167284
8.0,700.0,1500.0,3.0,0.6983609519823192,0.4420162998283925
8.0,700.0,1500.0,3.0,0.6983609519823192,0.4420162998283925
10.0,100.0,3000.0,2.0,0.6540487364140826,0.44198028605763295
8.0,600.0,1500.0,3.0,0.6985127200301238,0.4416653105200333
6.0,150.0,2700.0,2.0,0.7652316470522227,0.4410559778876447
8.0,800.0,1500.0,3.0,0.6976986014166449,0.4406103681849315
6.0,300.0,2700.0,2.0,0.7637135434768998,0.4405329088171218
6.0,300.0,2700.0,2.0,0.7637135434769,0.4405329088171217
6.0,300.0,2700.0,2.0,0.7637135434768998,0.4405329088171216
6.0,1000.0,2700.0,2.0,0.7648826264714884,0.44006163751320393
8.0,400.0,1500.0,3.0,0.6956807545575581,0.43993294901710467
10.0,500.0,3000.0,2.0,0.6559824629508975,0.4394705922022807
6.0,150.0,2100.0,3.0,0.7507465869359792,0.43900056833803835
6.0,50.0,1500.0,3.0,0.755831757080987,0.438794832392841
8.0,300.0,2400.0,3.0,0.6866097843546596,0.43870427943764223
6.0,500.0,2700.0,2.0,0.7638628019406053,0.43835821265129904
6.0,500.0,2700.0,2.0,0.7638628019406053,0.43835821265129904
6.0,1000.0,2100.0,3.0,0.752730988631547,0.43825590902487466
6.0,800.0,2100.0,3.0,0.7539426325599301,0.4380219074368179
6.0,200.0,2400.0,3.0,0.7508595744296334,0.4377211797199
12.0,400.0,1800.0,3.0,0.5999298892536471,0.4373018007505538
12.0,600.0,1800.0,3.0,0.6016979639941309,0.4370803310226393
10.0,1000.0,3000.0,2.0,0.655022542274508,0.4365328137032639
10.0,400.0,1500.0,3.0,0.6423446750646523,0.4342962060531138
12.0,300.0,1500.0,3.0,0.599650306688232,0.433453004129291
8.0,600.0,2400.0,3.0,0.6898139161904604,0.43327834404625765
6.0,500.0,1500.0,2.0,0.7690256990539672,0.43158412576633987
4.0,200.0,2400.0,2.0,0.8304144710072532,0.4307176399366115
8.0,800.0,1500.0,2.0,0.7099767567154366,0.43053996735206734
12.0,200.0,1500.0,3.0,0.6012087551846019,0.43014374623800056
12.0,200.0,1500.0,3.0,0.6012087551846019,0.43014374623800056
6.0,600.0,1500.0,2.0,0.7684176132758856,0.42995594552803584
12.0,400.0,1500.0,3.0,0.599145350825655,0.42973084847825616
12.0,400.0,1500.0,3.0,0.599145350825655,0.42973084847825616
8.0,800.0,2100.0,3.0,0.6889967142237349,0.4295198745356489
10.0,150.0,1500.0,3.0,0.643236548111003,0.4294349182725907
4.0,700.0,2400.0,2.0,0.8303083482659129,0.4293126921311162
4.0,50.0,1200.0,3.0,0.8150652134613632,0.4290850024660866
4.0,250.0,2400.0,2.0,0.8299787888858963,0.42873907225473895
12.0,800.0,3000.0,2.0,0.6101290781518041,0.4281460726397812
4.0,200.0,2100.0,2.0,0.8293394555936504,0.42795252283566365
6.0,1000.0,1800.0,2.0,0.7684803603884098,0.4277700691080918
6.0,900.0,1800.0,2.0,0.7687003394233144,0.42740483298271226
4.0,100.0,1200.0,3.0,0.816857787729443,0.42715949309392676
12.0,900.0,1500.0,3.0,0.6003172613265654,0.4270404285493886
4.0,500.0,2400.0,2.0,0.8309108634447294,0.42672311761586745
6.0,800.0,1800.0,2.0,0.768508715104688,0.4262458441645015
4.0,250.0,2100.0,2.0,0.82956636836291,0.42593703638349745
4.0,200.0,1800.0,2.0,0.8341716178292926,0.4252469368219304
4.0,50.0,2100.0,3.0,0.8164856595254877,0.42451695183001215
4.0,150.0,1200.0,3.0,0.8170844039458356,0.42438768049179865
12.0,100.0,3000.0,2.0,0.6076429275809723,0.4243203750456017
10.0,700.0,2700.0,2.0,0.6513863366430535,0.4238717116778855
8.0,200.0,1500.0,2.0,0.7110703590865626,0.423506777748195
8.0,700.0,2700.0,2.0,0.7038194749570688,0.4232986295485408
6.0,400.0,1800.0,2.0,0.7683404115494684,0.4232896420786898
6.0,400.0,2100.0,2.0,0.7572754127391554,0.42323648571885764
8.0,800.0,2700.0,2.0,0.7045037637611359,0.4229347010096801
6.0,500.0,1800.0,2.0,0.7694286126631156,0.4228240219467476
6.0,500.0,1800.0,2.0,0.7694286126631156,0.4228240219467474
8.0,150.0,1500.0,2.0,0.7119727348430767,0.42265859068604816
4.0,900.0,1200.0,3.0,0.8193622710567867,0.42203478244864867
4.0,50.0,1500.0,2.0,0.8382284079676998,0.42195545167941095
12.0,100.0,1500.0,3.0,0.5988059077230796,0.4218751452785062
12.0,100.0,1500.0,3.0,0.5988059077230796,0.4218751452785062
4.0,1000.0,1200.0,3.0,0.8195746892851679,0.4210576644463586
10.0,500.0,2400.0,3.0,0.6385527368926497,0.4210214488790194
10.0,600.0,2400.0,3.0,0.6383654397845566,0.42071565438603664
6.0,300.0,1800.0,2.0,0.7663559071374408,0.42057878983457075
6.0,1000.0,2100.0,2.0,0.7589675537099134,0.42055629495556845
10.0,900.0,2400.0,3.0,0.6377589781235773,0.4205069925131075
8.0,50.0,1500.0,2.0,0.7053854956305233,0.4205053716457179
8.0,500.0,2700.0,2.0,0.7053879531874331,0.4201054737918486
10.0,150.0,2700.0,2.0,0.6523952008242053,0.4198542716816085
4.0,400.0,1200.0,3.0,0.8185675206153878,0.41922603613844667
6.0,800.0,2100.0,2.0,0.7597458647298508,0.41834095189693343
6.0,200.0,2100.0,2.0,0.7568749428094985,0.4181142122425878
6.0,100.0,1500.0,2.0,0.7672695766204849,0.4178564567106353
6.0,50.0,2400.0,3.0,0.7469761159218158,0.4162356191085749
10.0,900.0,2100.0,3.0,0.6368060944593419,0.41609527576532657
8.0,800.0,1800.0,2.0,0.7071558662261667,0.41555184402358536
8.0,800.0,1800.0,2.0,0.7071558662261666,0.41555184402358525
10.0,800.0,2100.0,3.0,0.6369431555589506,0.4154728465209627
10.0,600.0,2100.0,3.0,0.637647773525582,0.4148965359914031
6.0,500.0,1200.0,3.0,0.7428410629701632,0.4145934034626124
12.0,800.0,2700.0,2.0,0.611056155364033,0.4142854768156691
12.0,200.0,2100.0,3.0,0.5886979364225122,0.4138772231011586
6.0,600.0,1200.0,3.0,0.7426427693723394,0.41366728865078894
12.0,700.0,2400.0,3.0,0.5960497802463396,0.41349939090579746
4.0,150.0,2400.0,1.0,0.8249580598374229,0.4133249801931027
4.0,800.0,1000.0,3.0,0.8159549006713169,0.4127893499681994
12.0,700.0,2100.0,3.0,0.5923719137070484,0.4124532537279494
4.0,900.0,700.0,3.0,0.7953334644307235,0.411398767605444
8.0,250.0,2700.0,2.0,0.7045185889831529,0.4107816233080315
4.0,100.0,600.0,3.0,0.7832268987131912,0.41062612451458314
8.0,150.0,2700.0,2.0,0.706723863470127,0.4097796302086658
6.0,800.0,2400.0,2.0,0.7613614064911197,0.4097769010726159
10.0,50.0,2400.0,2.0,0.6466615414698258,0.4091540058435068
10.0,50.0,2400.0,2.0,0.6466615414698258,0.4091540058435066
6.0,1000.0,2400.0,2.0,0.760320491447355,0.409039711180027
6.0,250.0,1000.0,3.0,0.7353618767686216,0.4081055496630578
4.0,200.0,600.0,3.0,0.7862697915824569,0.40763748243227604
4.0,600.0,1500.0,1.0,0.832427640872498,0.40684012179239404
8.0,300.0,1800.0,2.0,0.7075677976342081,0.4067434948211631
8.0,300.0,1800.0,2.0,0.7075677976342081,0.4067434948211631
4.0,150.0,1000.0,3.0,0.8120275056694066,0.4066309350537577
4.0,300.0,1000.0,2.0,0.8213080115339811,0.4061022112664151
8.0,100.0,1000.0,3.0,0.6617172481328587,0.4059985697575266
4.0,700.0,1500.0,1.0,0.8327959724370084,0.40582858479040707
4.0,600.0,3000.0,1.0,0.8352174003336631,0.40553542246279006
12.0,1000.0,1500.0,2.0,0.6151372331313363,0.40553458747123583
4.0,800.0,600.0,3.0,0.7882594879178022,0.4050912366124628
6.0,400.0,1000.0,3.0,0.7372166010527158,0.4047267614260218
4.0,500.0,1500.0,1.0,0.8328493992372356,0.404605448062768
8.0,900.0,2100.0,2.0,0.6988586420715871,0.4045651833755812
8.0,300.0,2100.0,2.0,0.69688794117805,0.4041396241240467
8.0,1000.0,2100.0,2.0,0.699429963226806,0.4039362412873686
8.0,700.0,2100.0,2.0,0.699010013235008,0.4038699837550326
6.0,100.0,700.0,3.0,0.7024336935719784,0.4027673647421748
8.0,1000.0,2400.0,2.0,0.6969963358492135,0.4026626348925111
4.0,200.0,1500.0,1.0,0.8299469869264083,0.40250086396976026
4.0,250.0,600.0,3.0,0.787179131753576,0.4015796453558441
4.0,400.0,600.0,3.0,0.7884094070358618,0.4013728383286289
8.0,50.0,2100.0,2.0,0.6969127242087638,0.4012272706462756
8.0,500.0,2100.0,2.0,0.6976719082316452,0.4007361332326853
6.0,150.0,700.0,3.0,0.7063858106670811,0.4004164971190086
4.0,300.0,600.0,3.0,0.7876186324628462,0.40040273735218457
4.0,200.0,3000.0,1.0,0.8343978464477587,0.4003869434559302
8.0,150.0,2100.0,2.0,0.6973078673019752,0.400385954092904
8.0,250.0,1200.0,3.0,0.6762096351006391,0.39992660748342634
8.0,500.0,1000.0,3.0,0.6717113958376602,0.39971978837743005
8.0,500.0,1000.0,3.0,0.67171139583766,0.39971978837743005
4.0,1000.0,600.0,2.0,0.7883598955713293,0.3996923627123311
6.0,700.0,700.0,3.0,0.7107258474534126,0.39944377651819163
4.0,100.0,1000.0,3.0,0.8074302362164738,0.39936380319438025
4.0,150.0,700.0,3.0,0.7901597716529627,0.3991443939452268
10.0,900.0,1800.0,2.0,0.6542019800961666,0.398963941018149
4.0,600.0,2700.0,1.0,0.8329870535934677,0.3988892178027531
8.0,50.0,1200.0,3.0,0.6691107565597074,0.39849032288634245
4.0,700.0,2700.0,1.0,0.8335063298536447,0.39836750240045427
10.0,300.0,2100.0,2.0,0.6450136979135647,0.39831758439181253
6.0,250.0,2400.0,2.0,0.760743832651949,0.39828520799489053
6.0,100.0,2400.0,2.0,0.7601976845111521,0.39775182262875064
4.0,50.0,600.0,3.0,0.7799293557016784,0.3976440973892147
4.0,500.0,600.0,2.0,0.7891891737674335,0.3973930814776633
4.0,500.0,600.0,2.0,0.7891891737674336,0.39739308147766295
10.0,200.0,2100.0,2.0,0.6440748155007474,0.3967931559622311
4.0,700.0,2400.0,1.0,0.8281217424051337,0.3967408523034256
8.0,400.0,1000.0,3.0,0.6703448536254405,0.39658184290094023
10.0,400.0,2100.0,2.0,0.6454644188938204,0.396557676682469
10.0,800.0,2100.0,2.0,0.6463255012998345,0.3961282696416307
8.0,200.0,2100.0,2.0,0.6962589524644567,0.3959324749905737
4.0,800.0,2400.0,1.0,0.8274484486598415,0.3953114262359072
4.0,800.0,2400.0,1.0,0.8274484486598415,0.39531142623590687
10.0,600.0,2100.0,2.0,0.6452400064493928,0.3952860586724578
8.0,700.0,1000.0,3.0,0.6714757410306038,0.39487520741071114
12.0,100.0,1500.0,2.0,0.6162694239767564,0.39483898084242386
10.0,500.0,1800.0,2.0,0.6520973752557202,0.39409510901642164
4.0,300.0,2700.0,1.0,0.8316614780479951,0.39404099685427485
4.0,300.0,2700.0,1.0,0.831661478047995,0.39404099685427474
10.0,300.0,2400.0,2.0,0.6443415743982093,0.3927687807543183
4.0,600.0,1200.0,2.0,0.8244831285034183,0.3926263211758245
12.0,50.0,2100.0,2.0,0.6011212779189868,0.39191697448447516
10.0,150.0,1800.0,2.0,0.6525844681528465,0.3918513665903851
4.0,500.0,1200.0,2.0,0.8250650515508822,0.39157516475325616
4.0,500.0,1200.0,2.0,0.8250650515508822,0.3915751647532558
8.0,250.0,1000.0,3.0,0.6680815914637639,0.3912964297913937
4.0,150.0,3000.0,1.0,0.8342801261931132,0.3912810771251092
4.0,150.0,3000.0,1.0,0.8342801261931132,0.39128107712510907
4.0,250.0,1200.0,2.0,0.8213381754707832,0.39104687132827665
4.0,100.0,1000.0,1.0,0.8064819685716588,0.3909257675963941
12.0,300.0,2100.0,2.0,0.6005841319746603,0.3902533356628074
6.0,600.0,1000.0,2.0,0.7451862054471579,0.3899877047112147
6.0,700.0,1000.0,2.0,0.7448966904619004,0.38970785908997263
6.0,200.0,2400.0,1.0,0.7528649180389628,0.38945272048203583
6.0,200.0,2400.0,1.0,0.7528649180389627,0.3894527204820356
4.0,250.0,2700.0,1.0,0.8306301342208771,0.3894080732169678
12.0,900.0,2100.0,2.0,0.602878947785711,0.3888815685653131
6.0,400.0,700.0,2.0,0.7184361562047372,0.3887216723047414
6.0,1000.0,1500.0,1.0,0.7644152887082099,0.38870083681295275
12.0,700.0,2100.0,2.0,0.6028574163512395,0.3885673457742891
6.0,700.0,700.0,2.0,0.7174282710211821,0.38845713590656394
6.0,900.0,1500.0,1.0,0.764046899737941,0.38752764379320037
6.0,150.0,2400.0,1.0,0.751939536539778,0.3874649867255323
10.0,200.0,2400.0,2.0,0.6435906418234565,0.38632021700814956
8.0,100.0,2400.0,2.0,0.6984395964511166,0.3852837769858791
6.0,600.0,700.0,2.0,0.7175677763288912,0.3852820553476014
4.0,1000.0,1800.0,1.0,0.834412524587004,0.385255617458368
4.0,1000.0,1200.0,2.0,0.8248781227588485,0.3851369742762851
4.0,250.0,1800.0,1.0,0.8356342472792601,0.38502805430761633
6.0,400.0,2700.0,1.0,0.7657215778682942,0.38500911155269035
6.0,250.0,1000.0,2.0,0.7440628430091432,0.3849504338774823
6.0,700.0,3000.0,1.0,0.7683490146552843,0.38454365866686213
4.0,200.0,1800.0,1.0,0.8348300224065739,0.38432351449154
4.0,900.0,1800.0,1.0,0.83417876012644,0.3841751779503797
12.0,100.0,2400.0,2.0,0.5993145786381107,0.38393318859151815
8.0,300.0,1000.0,2.0,0.6794069306457073,0.38369879603463053
4.0,500.0,800.0,2.0,0.806823719824407,0.38358736296115326
12.0,400.0,2400.0,2.0,0.600588493485604,0.3833587311466282
8.0,1000.0,700.0,3.0,0.639575649771865,0.3831799139674168
8.0,900.0,3000.0,1.0,0.7121663013097397,0.3830624731455422
8.0,250.0,1000.0,2.0,0.6787057151345763,0.3828027645446611
6.0,700.0,600.0,2.0,0.7000966562400035,0.3825545415281898
4.0,1000.0,800.0,2.0,0.8069463285202811,0.3821320426390551
4.0,400.0,800.0,2.0,0.8054697705068325,0.3820565910755529
8.0,500.0,700.0,3.0,0.6395126326260753,0.38103908425504274
4.0,400.0,1800.0,1.0,0.8351345986541115,0.3810034674125157
6.0,400.0,600.0,2.0,0.7021010977937052,0.38076696624243833
8.0,100.0,2400.0,1.0,0.6969159296835538,0.3807195530884221
8.0,500.0,1000.0,2.0,0.6799243295332356,0.3805239173716276
8.0,700.0,700.0,3.0,0.638782381768761,0.38041980206177184
4.0,500.0,1000.0,1.0,0.8124454177290179,0.3796802665474799
6.0,700.0,2400.0,1.0,0.7580882126944657,0.3791039166472179
6.0,250.0,2700.0,1.0,0.7639282166588995,0.37896630401996545
8.0,800.0,1000.0,2.0,0.6771415920026589,0.37880245024973136
4.0,50.0,1800.0,1.0,0.8318212314892853,0.3787709107869164
6.0,100.0,1000.0,2.0,0.7416878168550702,0.3785503692764306
12.0,150.0,1800.0,2.0,0.6108419461292275,0.3781610896263281
4.0,100.0,3000.0,1.0,0.8342552266266182,0.37813299889011653
4.0,900.0,900.0,3.0,0.805272959503615,0.37757256105035675
8.0,400.0,700.0,3.0,0.6391426875798443,0.3768512274096423
6.0,600.0,1200.0,2.0,0.7548668837031332,0.3758806015802696
10.0,250.0,1000.0,3.0,0.610418239355693,0.37529581983592897
8.0,1000.0,1000.0,2.0,0.6765964882677992,0.37504032417388045
8.0,300.0,700.0,3.0,0.6384799512281494,0.3748316913609201
8.0,250.0,2400.0,1.0,0.6971631208449267,0.3747772026044115
8.0,250.0,3000.0,1.0,0.7123280512072312,0.3746176165373467
10.0,300.0,1200.0,3.0,0.6215398279134288,0.374594459031814
4.0,200.0,2100.0,1.0,0.8233902340860352,0.37432678722569446
6.0,50.0,1000.0,2.0,0.743369787589754,0.3742530536666392
10.0,900.0,1000.0,3.0,0.6153914090894983,0.37372045083722993
10.0,150.0,1200.0,3.0,0.6228176250417776,0.3729468472501495
10.0,150.0,1200.0,3.0,0.6228176250417776,0.3729468472501495
4.0,600.0,1200.0,1.0,0.8212119235833734,0.3729002535727619
8.0,600.0,2700.0,1.0,0.7117292415838273,0.37282771007979076
6.0,700.0,1800.0,1.0,0.7706414773639381,0.37234036981484986
6.0,700.0,1800.0,1.0,0.7706414773639381,0.37234036981484986
8.0,700.0,2700.0,1.0,0.7116970736288148,0.3722430001772533
8.0,500.0,1500.0,1.0,0.7056544222340236,0.3721730966081823
10.0,600.0,3000.0,1.0,0.6628977092176547,0.3720820758295268
8.0,800.0,700.0,2.0,0.6480038242016801,0.37112082446400174
10.0,300.0,3000.0,1.0,0.6625726204245529,0.37099679652929896
8.0,800.0,1500.0,1.0,0.7053931427094291,0.37080866599112106
6.0,300.0,1200.0,2.0,0.7521526832617749,0.3704716660708729
8.0,400.0,700.0,2.0,0.6479527822284207,0.3703136912092857
8.0,600.0,600.0,2.0,0.629829522820194,0.37028632839098385
8.0,900.0,700.0,2.0,0.6475503845354591,0.37026713423264057
8.0,900.0,700.0,2.0,0.6475503845354591,0.37026713423264057
8.0,1000.0,2700.0,1.0,0.7121738575593863,0.37026303227987734
8.0,600.0,700.0,2.0,0.6479369411748556,0.3702432949056632
4.0,400.0,2100.0,1.0,0.8266052550556192,0.3701228377660234
8.0,1000.0,700.0,2.0,0.6472885823417671,0.37012280944851417
8.0,1000.0,700.0,2.0,0.6472885823417671,0.37012280944851417
12.0,900.0,1200.0,3.0,0.5783266235417815,0.3698260067691005
8.0,200.0,3000.0,1.0,0.7114186060612974,0.3697479151027585
8.0,800.0,800.0,3.0,0.6511069953218629,0.36962609351932196
8.0,800.0,800.0,3.0,0.6511069953218629,0.36962609351932185
4.0,100.0,800.0,2.0,0.8065613923989974,0.3695336914548455
10.0,300.0,700.0,3.0,0.5826825754585998,0.3694168433529107
12.0,300.0,1000.0,3.0,0.5672158943224686,0.3691596615263
8.0,900.0,2700.0,1.0,0.7116149960600865,0.36906071243652183
8.0,900.0,2700.0,1.0,0.7116149960600865,0.3690607124365217
6.0,150.0,1200.0,2.0,0.7507945689852491,0.3688945830877205
6.0,150.0,1200.0,2.0,0.7507945689852491,0.3688945830877204
10.0,200.0,700.0,3.0,0.5822268812530209,0.3687897691836979
12.0,1000.0,1200.0,3.0,0.578135205361333,0.36862957260853757
4.0,900.0,2100.0,1.0,0.8273241743468064,0.3686177203233465
4.0,900.0,2100.0,1.0,0.8273241743468064,0.36861772032334617
4.0,600.0,2100.0,1.0,0.8266085435474804,0.3683549329957858
4.0,600.0,2100.0,1.0,0.8266085435474804,0.3683549329957855
8.0,400.0,600.0,2.0,0.6300712405379247,0.36834115696009817
10.0,1000.0,700.0,3.0,0.5850331665401498,0.36721259437332987
12.0,100.0,700.0,3.0,0.5317647221871213,0.3670854881644453
8.0,900.0,2400.0,1.0,0.6984120337024023,0.36632880399764345
8.0,1000.0,2400.0,1.0,0.6983563740393453,0.3662574946080782
8.0,1000.0,2400.0,1.0,0.6983563740393453,0.3662574946080782
8.0,150.0,700.0,2.0,0.6485960777773945,0.3662544357301343
8.0,1000.0,800.0,3.0,0.6510244121207406,0.3660142642212535
8.0,1000.0,800.0,3.0,0.6510244121207406,0.36601426422125327
10.0,300.0,1000.0,2.0,0.6238509917534945,0.36505382826975263
6.0,700.0,1000.0,1.0,0.737868009498788,0.36482528115592017
6.0,900.0,1000.0,1.0,0.7384038205183544,0.36461680322685486
6.0,100.0,800.0,2.0,0.7233331893772555,0.36402410676321584
8.0,200.0,1200.0,2.0,0.6878943895674616,0.3631232555941697
6.0,100.0,3000.0,1.0,0.7625936191362708,0.3622617948472744
10.0,700.0,1000.0,2.0,0.62231356345372,0.3617875213427424
10.0,150.0,2400.0,1.0,0.6453200646614441,0.361748105979651
8.0,700.0,600.0,3.0,0.6292900449577878,0.3615449940112435
8.0,600.0,600.0,3.0,0.6292430662976083,0.36063790571952736
10.0,800.0,1000.0,2.0,0.6221261074459397,0.3605075314938899
10.0,800.0,1000.0,2.0,0.6221261074459394,0.3605075314938898
8.0,50.0,1000.0,2.0,0.6726110223777895,0.3604582265491828
6.0,500.0,1000.0,1.0,0.7356039712626885,0.3604474129991546
10.0,800.0,1500.0,1.0,0.6538687023829285,0.36033485188104875
10.0,400.0,1500.0,1.0,0.6529429167723251,0.36033416698147125
10.0,100.0,1200.0,3.0,0.6202582318319217,0.3599376500190896
4.0,50.0,700.0,1.0,0.8012465312655237,0.35981836422598024
6.0,100.0,1200.0,2.0,0.7501884382619972,0.3596269037546933
10.0,100.0,2700.0,1.0,0.6627175077640757,0.35912555234651533
8.0,300.0,600.0,3.0,0.6279219096258114,0.35851766019958053
8.0,300.0,600.0,3.0,0.6279219096258114,0.3585176601995804
12.0,250.0,700.0,3.0,0.5371645168466214,0.35822818875296825
10.0,500.0,1500.0,1.0,0.6537561963556924,0.3580366664193
10.0,200.0,800.0,3.0,0.5917185532170182,0.3575160990870685
10.0,200.0,800.0,3.0,0.5917185532170179,0.3575160990870684
10.0,400.0,2400.0,1.0,0.6481191983857109,0.35750810099339403
6.0,200.0,1000.0,1.0,0.7310535424243741,0.3573006849365118
6.0,200.0,1000.0,1.0,0.7310535424243744,0.3573006849365117
10.0,200.0,1500.0,1.0,0.6524378602497141,0.35696844510673287
10.0,200.0,1500.0,1.0,0.6524378602497141,0.35696844510673276
10.0,500.0,2700.0,1.0,0.6625392426192567,0.3569559997412072
6.0,1000.0,2100.0,1.0,0.7598047521804288,0.35651185835226573
12.0,600.0,3000.0,1.0,0.6206754578619742,0.3559371693764235
12.0,600.0,3000.0,1.0,0.6206754578619742,0.3559371693764233
8.0,1000.0,900.0,3.0,0.6543555843986639,0.3558746625673186
12.0,500.0,700.0,3.0,0.5382298213028862,0.3555265990842502
8.0,900.0,1200.0,2.0,0.6893134730721473,0.35528404647039113
8.0,600.0,900.0,3.0,0.6545100101223316,0.3552684434275587
8.0,400.0,1200.0,2.0,0.6884891606781401,0.35512486670265986
8.0,500.0,1200.0,2.0,0.6888303741011916,0.3548548035706983
12.0,800.0,700.0,3.0,0.5379439167626388,0.35477244239546313
6.0,250.0,1000.0,1.0,0.7342284845236939,0.3546845864686946
10.0,500.0,2400.0,1.0,0.6478423589904443,0.3544842326267664
8.0,300.0,900.0,3.0,0.6527318071909283,0.3544486223972838
8.0,700.0,900.0,3.0,0.6536513604458578,0.3543769203779472
10.0,200.0,2700.0,1.0,0.6609401209020308,0.3540169789727273
6.0,500.0,2100.0,1.0,0.7579074238127639,0.3528443195045071
10.0,500.0,700.0,2.0,0.5925148573980207,0.35227637111732124
10.0,300.0,800.0,3.0,0.5918263626922151,0.3521915474221631
12.0,400.0,1000.0,2.0,0.5764510568846251,0.35179800904853264
12.0,400.0,1000.0,2.0,0.5764510568846251,0.35179800904853264
8.0,250.0,900.0,3.0,0.6530024538671169,0.3517767379700062
8.0,250.0,900.0,3.0,0.6530024538671169,0.3517767379700062
10.0,700.0,600.0,2.0,0.5732873070061253,0.35126438017654027
10.0,700.0,800.0,3.0,0.5938568213684318,0.35094117120343316
4.0,800.0,600.0,1.0,0.7879942788458674,0.3508877519929394
4.0,800.0,500.0,3.0,0.7526117010950918,0.35085068424207344
8.0,1000.0,1000.0,1.0,0.6745838522022911,0.3506006876255706
12.0,200.0,800.0,3.0,0.5470287270664493,0.35025337288636293
8.0,250.0,1800.0,1.0,0.7109732016476508,0.34991413882976896
10.0,250.0,2700.0,1.0,0.6614305584862183,0.34984440711124076
6.0,800.0,1200.0,1.0,0.7502496328712256,0.34968626070010256
10.0,800.0,600.0,3.0,0.5705786170519559,0.3496185798540332
6.0,250.0,900.0,3.0,0.7217253125061516,0.34953154123808106
10.0,600.0,800.0,3.0,0.5939033609386515,0.34947216357542754
4.0,1000.0,600.0,1.0,0.7880499328421284,0.3490034450600721
8.0,800.0,800.0,2.0,0.6563667698047542,0.34813643547795015
4.0,900.0,600.0,1.0,0.7878290107858847,0.34812203390741814
6.0,150.0,800.0,1.0,0.7219086020630285,0.3480298673038711
8.0,900.0,1000.0,1.0,0.6740651448973585,0.3478897538560689
12.0,300.0,1000.0,2.0,0.5749070694268588,0.34783303797740583
12.0,300.0,800.0,3.0,0.5474813324434693,0.34755130009417523
10.0,200.0,700.0,2.0,0.5932187093585393,0.3474048313167929
6.0,500.0,1200.0,1.0,0.7487469239915572,0.3473528321784214
6.0,600.0,1200.0,1.0,0.749784278018444,0.34726690251101866
12.0,200.0,3000.0,1.0,0.619993408003604,0.34696258854208006
12.0,200.0,3000.0,1.0,0.6199934080036041,0.34696258854208006
12.0,200.0,3000.0,1.0,0.6199934080036041,0.34696258854207995
10.0,300.0,700.0,2.0,0.5932497867754021,0.34678400304635826
10.0,300.0,700.0,2.0,0.5932497867754019,0.34678400304635826
10.0,150.0,1800.0,1.0,0.6598611208767078,0.3467016711455648
10.0,50.0,700.0,2.0,0.5889246897457192,0.34660489779392534
4.0,700.0,900.0,2.0,0.8132347730421655,0.34632557904039085
12.0,600.0,1500.0,1.0,0.6122454487478234,0.3462470058238517
10.0,100.0,800.0,3.0,0.5852607192729207,0.34595714385908327
8.0,100.0,1000.0,1.0,0.6711389945156098,0.34584267438731464
4.0,200.0,900.0,2.0,0.8119367056042193,0.34576150662840754
4.0,600.0,900.0,2.0,0.8142600739336644,0.3456237581347059
8.0,600.0,1000.0,1.0,0.67362904265756,0.3454992037944068
12.0,50.0,1000.0,2.0,0.5652653212004726,0.3449889858581433
10.0,200.0,600.0,2.0,0.5732766393216087,0.34490473039807723
10.0,200.0,600.0,2.0,0.573276639321609,0.34490473039807723
12.0,700.0,700.0,2.0,0.545398676087038,0.34446157073422157
4.0,150.0,600.0,1.0,0.7830928747274577,0.3444585960515041
10.0,100.0,1500.0,1.0,0.6549624708460449,0.3442890356696099
12.0,200.0,2400.0,1.0,0.6039071428814804,0.3437704551907824
12.0,400.0,2400.0,1.0,0.6061094516247573,0.343696930309664
10.0,600.0,1000.0,1.0,0.620428550739375,0.34313414409233467
10.0,100.0,700.0,2.0,0.593416009215088,0.3430940490811435
4.0,400.0,600.0,1.0,0.7858472839876713,0.3428826836025447
10.0,900.0,1000.0,1.0,0.6208793915880083,0.34264729970314456
4.0,400.0,800.0,1.0,0.8024654086425944,0.3423678244606354
4.0,250.0,900.0,2.0,0.8129615924121735,0.3422704758852695
10.0,400.0,1000.0,1.0,0.6170658686730979,0.341958845311497
12.0,700.0,2400.0,1.0,0.6073770124892521,0.34179210701785956
6.0,400.0,800.0,1.0,0.7237011432506884,0.3417677746293164
12.0,1000.0,2400.0,1.0,0.6069703169661049,0.3410755234380436
10.0,900.0,1200.0,2.0,0.6346178534745074,0.34104045355722556
10.0,300.0,900.0,3.0,0.59377887624026,0.34099743842681596
8.0,50.0,600.0,3.0,0.618091503315798,0.34087277466600663
12.0,150.0,800.0,3.0,0.5455287301504452,0.340806444997534
12.0,600.0,2400.0,1.0,0.6071357110772253,0.3407720105275477
12.0,800.0,800.0,3.0,0.5469046172065533,0.3402798306814637
12.0,800.0,800.0,3.0,0.5469046172065535,0.3402798306814637
12.0,500.0,2400.0,1.0,0.6069920391404209,0.3401228366750012
10.0,200.0,1200.0,2.0,0.6296433391058895,0.3401201807565294
10.0,200.0,1200.0,2.0,0.6296433391058894,0.3401201807565293
8.0,100.0,1800.0,1.0,0.7110895119274019,0.3399402952050947
10.0,800.0,1200.0,2.0,0.6350790230899426,0.3397031257878491
12.0,600.0,600.0,2.0,0.5260516061722629,0.33958138983289043
10.0,400.0,1200.0,2.0,0.6351024397417692,0.33948056130133086
4.0,150.0,800.0,1.0,0.8018628789699962,0.3392849706747447
10.0,1000.0,1200.0,2.0,0.6342339066824725,0.3386823981796313
4.0,50.0,900.0,2.0,0.8087177156554242,0.33846437149433584
4.0,50.0,400.0,2.0,0.6995960253628255,0.33823088631613074
10.0,400.0,1800.0,1.0,0.6616258847172818,0.3375497973013074
12.0,100.0,3000.0,1.0,0.616013056163857,0.33750895713195184
6.0,250.0,500.0,3.0,0.6501237012693577,0.3374499149635206
10.0,250.0,1200.0,2.0,0.6314673723020511,0.3371632386464354
10.0,900.0,1800.0,1.0,0.6618649771373937,0.33707968906429664
10.0,500.0,900.0,3.0,0.5962613444319662,0.3367002837584341
6.0,900.0,500.0,3.0,0.6523666478881818,0.3366975469576643
6.0,900.0,500.0,3.0,0.6523666478881818,0.3366975469576642
4.0,100.0,600.0,1.0,0.7839705424919676,0.3364555397059509
8.0,150.0,800.0,2.0,0.655724155525937,0.3361905445737139
8.0,1000.0,1200.0,1.0,0.6868822805992882,0.33598684301226045
12.0,600.0,600.0,3.0,0.5248794872346936,0.3359508210191897
10.0,600.0,1800.0,1.0,0.6624300712568001,0.3354588047353886
12.0,800.0,2700.0,1.0,0.6246629487948849,0.3352534593799825
12.0,200.0,600.0,3.0,0.5236356672249758,0.33446377217744283
6.0,1000.0,500.0,3.0,0.6527182532561548,0.33437516295043923
6.0,1000.0,500.0,3.0,0.6527182532561546,0.3343751629504391
4.0,400.0,700.0,1.0,0.8021973607560924,0.33363434759209354
4.0,800.0,400.0,2.0,0.708683904016471,0.33321880145870275
4.0,100.0,400.0,2.0,0.7034855893659002,0.3330243242638339
12.0,600.0,2700.0,1.0,0.6254139415235819,0.3329156799759253
12.0,600.0,1800.0,1.0,0.6214500336633616,0.33072437357853646
12.0,250.0,2700.0,1.0,0.6258815095970613,0.3303118237445565
4.0,1000.0,400.0,2.0,0.7083372673952743,0.3298843463693387
12.0,500.0,1200.0,2.0,0.5908254761487698,0.3293774258014971
12.0,200.0,600.0,2.0,0.5224075041717616,0.32868729431490384
4.0,150.0,400.0,2.0,0.706492284643452,0.3285519956791825
8.0,300.0,1200.0,1.0,0.6846887623791349,0.32838811967600545
6.0,900.0,900.0,1.0,0.723074454764429,0.3283426895097792
12.0,200.0,2700.0,1.0,0.624776826811345,0.3280533305157908
6.0,600.0,900.0,1.0,0.7220343692285442,0.3277912634624216
6.0,600.0,900.0,2.0,0.7338707922693044,0.3276396793046288
8.0,50.0,800.0,2.0,0.65644202280312,0.3276130870661086
10.0,1000.0,800.0,2.0,0.5991197047490616,0.32752772187340695
8.0,150.0,500.0,3.0,0.5727014498995596,0.32725513906422
4.0,50.0,800.0,1.0,0.8074250046651886,0.3265192020427119
4.0,100.0,400.0,3.0,0.7166328923707546,0.325697452001638
6.0,100.0,600.0,1.0,0.69696872964748,0.3254284728002099
6.0,100.0,600.0,1.0,0.6969687296474802,0.3254284728002097
12.0,300.0,1200.0,2.0,0.5871449536244435,0.3251017271807305
8.0,600.0,500.0,3.0,0.5771677649760949,0.32300716269156216
10.0,300.0,800.0,2.0,0.5999741238638385,0.32281838163204135
8.0,300.0,800.0,1.0,0.6571769360806,0.3225404286129814
12.0,50.0,800.0,3.0,0.5401173264989327,0.3223362730300491
12.0,500.0,900.0,3.0,0.5489676760702078,0.3222623809245021
6.0,300.0,900.0,1.0,0.7227885154090797,0.3221928049364803
6.0,800.0,600.0,1.0,0.7001292799352248,0.3219375970857865
12.0,1000.0,900.0,3.0,0.5480994429511692,0.32133321682161997
8.0,800.0,800.0,1.0,0.6579359717036256,0.32105700270105664
8.0,500.0,800.0,1.0,0.6579694237405398,0.320963875226024
12.0,600.0,900.0,3.0,0.5478239641145701,0.3208930940465937
12.0,100.0,1000.0,1.0,0.5722102450735392,0.31952667491070386
12.0,700.0,900.0,3.0,0.5468697631301875,0.3194541589412839
12.0,700.0,900.0,3.0,0.5468697631301875,0.3194541589412836
6.0,700.0,700.0,1.0,0.7227468932115709,0.31909095353967387
4.0,400.0,500.0,2.0,0.761093796124383,0.3188916129835303
12.0,800.0,800.0,2.0,0.5530668245610664,0.3181754718018234
8.0,100.0,2100.0,1.0,0.6931842879094848,0.3173832521291339
12.0,200.0,2100.0,1.0,0.6026120558108359,0.3173712557096101
12.0,100.0,2100.0,1.0,0.6028941115249509,0.31735692255726344
10.0,900.0,2100.0,1.0,0.650792166968535,0.3169357012516961
4.0,600.0,500.0,2.0,0.7600444877268008,0.315937674526494
10.0,700.0,1200.0,1.0,0.6348273855628761,0.31592447747868524
6.0,900.0,400.0,2.0,0.6116970370137822,0.3157116838628472
6.0,700.0,400.0,2.0,0.6116220644803096,0.31539226579898594
8.0,150.0,800.0,1.0,0.6555297067376911,0.31518275775022697
6.0,200.0,400.0,2.0,0.6140685082212864,0.3148035904481751
6.0,1000.0,400.0,2.0,0.611458177759084,0.3146995555304867
10.0,100.0,2100.0,1.0,0.6488150684468097,0.3144849730155831
10.0,200.0,500.0,3.0,0.5159081984467102,0.31438468669646435
4.0,900.0,500.0,2.0,0.7589928194805429,0.3137226719025661
6.0,50.0,600.0,1.0,0.697155242978946,0.31288886482796197
10.0,400.0,800.0,1.0,0.5994317811150132,0.3128129412379126
12.0,150.0,800.0,2.0,0.5507501528324665,0.3124211052108825
4.0,800.0,500.0,2.0,0.7595347886446184,0.3117651696326783
8.0,50.0,900.0,2.0,0.6632819732517592,0.311462265045542
4.0,600.0,400.0,3.0,0.7217675238868981,0.3108419504367558
4.0,500.0,400.0,3.0,0.7224278076600124,0.3107327962066455
4.0,150.0,400.0,1.0,0.7064912642127594,0.31052931925363814
12.0,300.0,2100.0,1.0,0.6054120263386797,0.31027879458048047
12.0,400.0,800.0,2.0,0.5525022969862439,0.3101887579438729
4.0,800.0,400.0,3.0,0.7202678303316428,0.3099010455621355
12.0,100.0,800.0,2.0,0.5491679868362077,0.30989094612803936
10.0,800.0,800.0,1.0,0.6011862189488781,0.3098049698359957
10.0,700.0,800.0,1.0,0.6020078368576538,0.30909448404447304
4.0,900.0,400.0,3.0,0.7204321613449206,0.30908422225903254
4.0,800.0,400.0,1.0,0.7095402165896121,0.308407804774697
4.0,600.0,400.0,1.0,0.7099661976918614,0.3079391719777588
12.0,50.0,800.0,2.0,0.5515561421189921,0.3074801258463179
10.0,50.0,500.0,3.0,0.5076440759882782,0.30685312914615703
12.0,400.0,2100.0,1.0,0.6059776458212702,0.3066485854091804
8.0,500.0,600.0,1.0,0.6312471961380753,0.3053786517697792
8.0,500.0,600.0,1.0,0.6312471961380753,0.3053786517697792
4.0,500.0,400.0,1.0,0.7089484514490992,0.30422635129811393
12.0,400.0,1200.0,1.0,0.5901404546692008,0.3030657781115924
10.0,200.0,800.0,1.0,0.5974010016784481,0.30285349956197094
8.0,600.0,700.0,1.0,0.6577954480326065,0.30205995827312226
8.0,600.0,700.0,1.0,0.6577954480326065,0.30205995827312215
4.0,400.0,300.0,3.0,0.6166839350459854,0.30157432153118247
8.0,600.0,900.0,1.0,0.6562193606719451,0.30123809229096177
10.0,50.0,900.0,2.0,0.6046251968818326,0.3005872536715348
10.0,700.0,900.0,2.0,0.612110041948261,0.3005218538195493
10.0,900.0,900.0,2.0,0.6115699455154098,0.3004770263385649
12.0,700.0,2100.0,1.0,0.6088208973017999,0.30021172965365117
8.0,200.0,900.0,1.0,0.6544670233264571,0.3001244130685724
10.0,100.0,800.0,1.0,0.5972590350542765,0.2999673862560106
10.0,1000.0,900.0,2.0,0.6112439853500582,0.2999525813459045
10.0,1000.0,900.0,2.0,0.6112439853500582,0.2999525813459044
8.0,900.0,600.0,1.0,0.6311425135389843,0.2996826470718579
8.0,800.0,700.0,1.0,0.6572456353937297,0.2994216194082132
8.0,100.0,600.0,1.0,0.6314215490357606,0.29897940485814933
6.0,300.0,400.0,3.0,0.6164823390159702,0.2989051693886102
12.0,50.0,900.0,2.0,0.5618495626936739,0.2989030991261473
6.0,50.0,700.0,1.0,0.7212451090615637,0.298461123744324
8.0,400.0,600.0,1.0,0.631987907820933,0.29816947856189724
12.0,50.0,800.0,1.0,0.5624558586396804,0.29791647191099113
12.0,50.0,800.0,1.0,0.5624558586396806,0.29791647191099113
12.0,300.0,500.0,3.0,0.4724027206374911,0.29652570210374807
12.0,150.0,1200.0,1.0,0.5845508821936466,0.29635982375096015
6.0,800.0,500.0,2.0,0.6625636212389133,0.2963457532310866
8.0,250.0,700.0,1.0,0.6571265875543078,0.2960811373017248
10.0,100.0,900.0,1.0,0.5992082150407969,0.29583336009427574
10.0,100.0,900.0,1.0,0.599208215040797,0.29583336009427574
12.0,100.0,900.0,2.0,0.5616882914956549,0.2954335130282918
8.0,400.0,900.0,1.0,0.656385596504655,0.2952712077582069
10.0,150.0,600.0,1.0,0.5728624627582605,0.2952045797323811
8.0,100.0,700.0,1.0,0.6642278350528383,0.295125077276702
8.0,150.0,700.0,1.0,0.6582046671915434,0.29509077299125164
8.0,150.0,700.0,1.0,0.6582046671915436,0.2950907729912515
12.0,50.0,1200.0,1.0,0.5738582329480084,0.29465580583757034
12.0,50.0,1200.0,1.0,0.5738582329480084,0.29465580583757023
4.0,1000.0,300.0,3.0,0.6181506818336919,0.2943953118203184
12.0,600.0,500.0,3.0,0.47210322966557783,0.2942772516778831
6.0,600.0,400.0,3.0,0.6184350832364063,0.29399182789271217
4.0,50.0,500.0,2.0,0.7613676125223492,0.29396529246034375
8.0,50.0,700.0,1.0,0.6597638027642334,0.2936538833281004
8.0,600.0,400.0,2.0,0.5355681390999154,0.2935920820193094
10.0,50.0,600.0,1.0,0.5699097927370158,0.29358330880067385
8.0,500.0,400.0,2.0,0.5359554327727738,0.29355325204705984
8.0,150.0,900.0,1.0,0.6540727665778306,0.29335606523253277
8.0,400.0,400.0,2.0,0.5347063507414197,0.29259337791755147
10.0,300.0,600.0,1.0,0.5734010411946215,0.2920610301454092
12.0,900.0,800.0,1.0,0.5574263649609938,0.29181331540475497
12.0,900.0,800.0,1.0,0.5574263649609938,0.29181331540475486
8.0,100.0,900.0,1.0,0.6591043186609231,0.2917865822480983
12.0,600.0,800.0,1.0,0.556551167442718,0.29144997598494693
10.0,400.0,900.0,1.0,0.5975295042106294,0.2909020647425463
6.0,300.0,500.0,2.0,0.662307025415916,0.29011909431059846
12.0,900.0,900.0,2.0,0.5634037321366865,0.2895906277078818
10.0,800.0,900.0,1.0,0.5984250561474891,0.28958918178982407
10.0,500.0,900.0,1.0,0.5976917850698849,0.28827933896447266
6.0,200.0,400.0,1.0,0.6073042281192962,0.2879610398149913
12.0,500.0,900.0,2.0,0.5650267480299113,0.2878537569933597
6.0,150.0,500.0,2.0,0.6656628918175352,0.28753961297007824
6.0,150.0,500.0,2.0,0.6656628918175354,0.28753961297007824
10.0,100.0,600.0,1.0,0.574225847591018,0.28694552339189594
4.0,100.0,500.0,1.0,0.7425649762828164,0.28593549886428626
8.0,300.0,400.0,3.0,0.5420037122431423,0.285353054618525
10.0,800.0,400.0,2.0,0.4771546701116772,0.2852411553807719
10.0,700.0,500.0,2.0,0.5280966349483542,0.2850299723479496
6.0,800.0,400.0,1.0,0.6092052129124746,0.2849385378751085
10.0,700.0,400.0,2.0,0.47739594702841626,0.284569047593086
10.0,50.0,700.0,1.0,0.594586885855349,0.28441964783229623
10.0,900.0,400.0,2.0,0.4771240634886056,0.2842617074859032
10.0,400.0,500.0,2.0,0.5291961658553006,0.28358155468429613
6.0,100.0,500.0,2.0,0.6651211779054469,0.28285314686524166
10.0,900.0,500.0,2.0,0.5270290421348272,0.28212214276019465
8.0,900.0,500.0,2.0,0.5875063947112737,0.28181149130899885
10.0,1000.0,500.0,2.0,0.5270156958621932,0.2815440155804082
6.0,800.0,500.0,1.0,0.653475196173517,0.2800275691652546
8.0,700.0,400.0,3.0,0.5393252455914055,0.27888807015939143
6.0,700.0,500.0,1.0,0.6537461749415221,0.2788880311857451
6.0,300.0,500.0,1.0,0.6533726225925786,0.27423118951773895
12.0,1000.0,700.0,1.0,0.5586972256577165,0.27400343263716787
12.0,700.0,700.0,1.0,0.5581928785067269,0.27312357277331534
6.0,800.0,300.0,3.0,0.5074458887252435,0.27274546891755624
6.0,150.0,500.0,1.0,0.6535613332571302,0.27273820795716075
12.0,900.0,400.0,2.0,0.430757940811361,0.2724479624977394
8.0,600.0,500.0,1.0,0.5769745593075153,0.27188668165143404
12.0,1000.0,400.0,2.0,0.4298923200544713,0.27142960510006553
12.0,900.0,900.0,1.0,0.5527846293644145,0.2713470780215559
12.0,400.0,400.0,2.0,0.43299062567076974,0.2709312152258394
12.0,800.0,900.0,1.0,0.5524251600521112,0.27032948327930106
12.0,800.0,900.0,1.0,0.5524251600521111,0.27032948327930106
12.0,300.0,600.0,1.0,0.5222356758275946,0.27029545003306554
6.0,600.0,300.0,3.0,0.5059223525086967,0.2702527227633189
8.0,150.0,500.0,1.0,0.5748014734888381,0.2699921251018925
4.0,100.0,300.0,3.0,0.6103615864810186,0.2699394520675066
8.0,700.0,500.0,1.0,0.5784464845758521,0.26913494999792187
12.0,700.0,900.0,1.0,0.5526345159195637,0.26878327258610246
8.0,900.0,500.0,1.0,0.577724602787147,0.26847572850269097
12.0,1000.0,500.0,2.0,0.48146877248290143,0.26834466385799405
12.0,400.0,600.0,1.0,0.5229542278901802,0.26832670323848273
10.0,700.0,400.0,3.0,0.47897494565783993,0.267163712754413
10.0,700.0,400.0,3.0,0.4789749456578398,0.267163712754413
10.0,1000.0,400.0,3.0,0.47900563243643424,0.26673906026736793
12.0,300.0,500.0,2.0,0.48283546816606593,0.2665040446448448
12.0,500.0,900.0,1.0,0.5514212068772715,0.2652692448073034
8.0,300.0,500.0,1.0,0.575488867985782,0.26472067224427265
12.0,150.0,600.0,1.0,0.5236657549470946,0.264256846110123
12.0,250.0,900.0,1.0,0.5492633869600072,0.26370539159000994
6.0,100.0,300.0,3.0,0.4987949060252542,0.26186674350447536
12.0,100.0,600.0,1.0,0.5232518351477741,0.26173503177537516
4.0,50.0,300.0,3.0,0.6034470938760219,0.25849317581321696
12.0,150.0,400.0,3.0,0.4309180002635875,0.2580086036449769
12.0,800.0,400.0,3.0,0.4307249166872571,0.2568612578477062
12.0,700.0,400.0,3.0,0.4298892063987779,0.25685034295012077
12.0,100.0,500.0,2.0,0.48510527863047037,0.25584491435601986
12.0,100.0,500.0,2.0,0.4851052786304705,0.25584491435601986
10.0,100.0,500.0,1.0,0.5175482458014775,0.2557570221643489
10.0,100.0,500.0,1.0,0.5175482458014773,0.2557570221643489
10.0,100.0,500.0,1.0,0.5175482458014775,0.2557570221643486
8.0,150.0,300.0,3.0,0.4245668893774749,0.25179854513504185
4.0,500.0,200.0,3.0,0.47932296038761346,0.2499741450613865
8.0,1000.0,300.0,3.0,0.4301468282046289,0.24979504926717766
4.0,700.0,200.0,3.0,0.48019618841553857,0.24941338385373502
8.0,500.0,300.0,3.0,0.42934949031772884,0.24862389489989578
4.0,900.0,200.0,3.0,0.4809701519553523,0.24749322519298744
4.0,600.0,300.0,2.0,0.6214455727932704,0.24741712278191563
8.0,600.0,400.0,1.0,0.5337841064953981,0.24711873124138595
4.0,700.0,300.0,2.0,0.6214367394192519,0.24693573413550596
4.0,300.0,200.0,3.0,0.4761618137526693,0.24634211260899264
4.0,800.0,300.0,2.0,0.6210082155579757,0.2461991370110832
8.0,250.0,300.0,3.0,0.42619286698650083,0.2461041706204562
10.0,800.0,500.0,1.0,0.5207269678204867,0.24555068955757176
12.0,50.0,500.0,2.0,0.48779533832503574,0.24539811061048533
8.0,400.0,400.0,1.0,0.5327823190139946,0.24532943863931989
8.0,300.0,300.0,3.0,0.42601181273107824,0.2433090432719921
10.0,600.0,500.0,1.0,0.519781030819497,0.24290739477627155
4.0,200.0,300.0,2.0,0.6191594816401527,0.24247563619721302
6.0,400.0,200.0,3.0,0.3777887478316827,0.24087025543211227
6.0,250.0,200.0,3.0,0.3781017832265803,0.23973535589930506
4.0,50.0,200.0,3.0,0.47456715083602385,0.2390902178682509
10.0,250.0,500.0,1.0,0.5164684654386971,0.23904649326610272
10.0,800.0,400.0,1.0,0.4759036553178706,0.23546703084005582
10.0,500.0,400.0,1.0,0.47540226189511625,0.23515664815892956
10.0,500.0,400.0,1.0,0.47540226189511614,0.23515664815892956
8.0,50.0,300.0,3.0,0.41420842483848974,0.23477666754044357
10.0,200.0,400.0,1.0,0.47611989073717764,0.2341507601030417
12.0,250.0,500.0,1.0,0.4728896708795124,0.2339905221993155
10.0,50.0,400.0,1.0,0.4759995357606207,0.23282495004244985
4.0,100.0,200.0,3.0,0.4741924230204778,0.23270294622780563
6.0,600.0,300.0,2.0,0.5167554671504515,0.23228460229670989
12.0,400.0,500.0,1.0,0.4742312263117724,0.231593537783364
6.0,700.0,300.0,2.0,0.5157495454944463,0.2308524160149038
10.0,150.0,300.0,3.0,0.3690811791125215,0.22587707119939615
10.0,600.0,300.0,3.0,0.372636572594333,0.2254633183814463
8.0,500.0,300.0,2.0,0.438934581035885,0.22544611976203688
8.0,800.0,300.0,2.0,0.43704193141145964,0.22531165187154734
8.0,800.0,300.0,2.0,0.4370419314114595,0.22531165187154722
8.0,700.0,200.0,3.0,0.31239347089445757,0.22392631012986142
8.0,900.0,200.0,3.0,0.3125674742974075,0.2222928037359152
8.0,900.0,200.0,3.0,0.3125674742974076,0.22229280373591487
8.0,200.0,200.0,3.0,0.31193940954575694,0.22106299128875162
4.0,800.0,200.0,2.0,0.48103495915514427,0.2205291053948848
8.0,150.0,200.0,3.0,0.3080688945789938,0.22040860771257875
8.0,50.0,300.0,2.0,0.4452157872559971,0.21900927616885013
10.0,150.0,300.0,2.0,0.38770216205298413,0.2189033885260001
12.0,500.0,300.0,3.0,0.33219188604359273,0.21830035191925623
10.0,700.0,300.0,2.0,0.38208989653145775,0.21764661677658448
10.0,700.0,300.0,2.0,0.38208989653145775,0.21764661677658448
10.0,1000.0,300.0,2.0,0.38257467776862486,0.21731113883916708
8.0,100.0,200.0,3.0,0.30527024057317587,0.21583734096429175
8.0,100.0,200.0,3.0,0.30527024057317564,0.21583734096429175
12.0,100.0,400.0,1.0,0.42100276194005526,0.2134650727777745
12.0,700.0,400.0,1.0,0.4283920763843416,0.21265881657797092
4.0,100.0,200.0,2.0,0.47719941591941073,0.21119900110205236
4.0,100.0,200.0,2.0,0.47719941591941073,0.21119900110205225
12.0,300.0,300.0,3.0,0.32967569032003474,0.2111736035579832
12.0,300.0,300.0,2.0,0.3431187764576714,0.20996870463916584
10.0,600.0,200.0,3.0,0.2603643991599376,0.20992604656169178
10.0,1000.0,200.0,3.0,0.2610452322337903,0.2091544956219883
10.0,250.0,200.0,3.0,0.2601448840533709,0.2081354289365298
12.0,400.0,400.0,1.0,0.42590100587346447,0.20792667052537417
12.0,200.0,400.0,1.0,0.423049420162393,0.20726722047472046
12.0,700.0,300.0,2.0,0.34089647939839485,0.20606787223627876
12.0,600.0,300.0,2.0,0.3419925784263774,0.2060407781266389
12.0,900.0,300.0,2.0,0.34051382079146364,0.2051118282549237
12.0,100.0,300.0,2.0,0.34281087865565574,0.20257257069329626
6.0,200.0,200.0,2.0,0.38157030564242667,0.20018138586752487
6.0,300.0,200.0,2.0,0.379664217321073,0.19978504636840355
6.0,400.0,200.0,2.0,0.37909640132258327,0.19919620753087275
6.0,700.0,200.0,2.0,0.37947157183368374,0.19914278270708785
6.0,250.0,200.0,2.0,0.3803860416823528,0.1976486798766911
6.0,150.0,200.0,2.0,0.3816670298267525,0.1944038221319767
4.0,250.0,100.0,3.0,0.1764567878848391,0.19060390229091517
4.0,250.0,100.0,3.0,0.17645678788483898,0.19060390229091517
4.0,250.0,100.0,3.0,0.17645678788483898,0.19060390229091517
4.0,900.0,100.0,3.0,0.17792465457812123,0.18916859355731652
4.0,100.0,100.0,3.0,0.1775940789569166,0.18882460131953227
4.0,900.0,200.0,1.0,0.48282172540089074,0.1849987402175548
4.0,700.0,200.0,1.0,0.48389242351173833,0.18060574803572071
4.0,700.0,200.0,1.0,0.48389242351173833,0.1806057480357205
4.0,300.0,200.0,1.0,0.48224879628139483,0.17708307040191462
4.0,400.0,200.0,1.0,0.48175011544503754,0.17662211353399193
4.0,100.0,200.0,1.0,0.4875761496658487,0.17640910082693562
6.0,200.0,300.0,1.0,0.5086751213895908,0.17596932769932006
6.0,400.0,100.0,3.0,0.12736475979023631,0.170420548329978
6.0,600.0,100.0,3.0,0.1280809345257068,0.16955584667004653
6.0,900.0,100.0,3.0,0.12908811312634427,0.1684746851888208
6.0,500.0,300.0,1.0,0.5100772309640185,0.16794660480179324
6.0,800.0,300.0,1.0,0.5104244177210279,0.1673346629210064
6.0,400.0,300.0,1.0,0.5093730631052362,0.16710484458399222
10.0,200.0,200.0,2.0,0.26607264211345594,0.1527171090001136
6.0,100.0,200.0,1.0,0.3931095366286974,0.15234826759494735
6.0,100.0,200.0,1.0,0.3931095366286973,0.15234826759494713
6.0,1000.0,200.0,1.0,0.389264466715733,0.15198432026827569
6.0,1000.0,200.0,1.0,0.389264466715733,0.15198432026827569
6.0,600.0,200.0,1.0,0.39037129871583665,0.14766458929688808
8.0,1000.0,100.0,3.0,0.09523126830114337,0.14733962743693352
8.0,200.0,300.0,1.0,0.4350251185527422,0.1421705259672993
8.0,600.0,300.0,1.0,0.43609100578836213,0.14103783043373563
12.0,150.0,200.0,2.0,0.2330769910988998,0.13851825518576677
12.0,200.0,200.0,2.0,0.23199113383553616,0.1383593704895919
10.0,400.0,100.0,3.0,0.0690499398587725,0.12891711528961325
10.0,900.0,300.0,1.0,0.38409323023494824,0.12314840996227672
10.0,200.0,300.0,1.0,0.3828029139700241,0.11308944722069403
12.0,1000.0,300.0,1.0,0.347148726331287,0.11302000526846168
12.0,1000.0,100.0,3.0,0.05219223831553843,0.11088707032381784
8.0,100.0,200.0,1.0,0.3272228292223489,0.11001235669826614
12.0,200.0,300.0,1.0,0.34524207062199996,0.10791605195558485
12.0,300.0,300.0,1.0,0.34512885971387486,0.10609099217718077
12.0,300.0,300.0,1.0,0.34512885971387497,0.10609099217718077
10.0,600.0,200.0,1.0,0.2763310255971131,0.10607456113130997
12.0,600.0,300.0,1.0,0.34588426796950666,0.10515447697410674
10.0,250.0,200.0,1.0,0.27741469246046246,0.09802450261561968
10.0,250.0,200.0,1.0,0.2774146924604626,0.09802450261561935
10.0,250.0,200.0,1.0,0.2774146924604626,0.09802450261561935
12.0,100.0,300.0,1.0,0.344064194337113,0.09296060300504105
12.0,800.0,200.0,1.0,0.23662356503020066,0.09178892371523784
6.0,500.0,100.0,2.0,0.15454311054448722,0.08948759494147795
6.0,1000.0,100.0,2.0,0.15429090728971429,0.08878949773830269
6.0,400.0,100.0,2.0,0.1535061988206884,0.0887211470259558
6.0,400.0,100.0,2.0,0.1535061988206885,0.08872114702595535
12.0,600.0,200.0,1.0,0.23770101453339265,0.08825371235568813
6.0,700.0,100.0,2.0,0.15394521019793106,0.08786372182380653
6.0,250.0,100.0,2.0,0.15228157810455933,0.08757097006254977
4.0,500.0,100.0,2.0,0.20623640800251086,0.08746175436194781
4.0,500.0,100.0,2.0,0.20623640800251086,0.08746175436194781
6.0,900.0,100.0,2.0,0.15425850626711746,0.08735782198228359
12.0,500.0,200.0,1.0,0.2372596535180811,0.08537025559599387
6.0,50.0,100.0,2.0,0.1512577266373487,0.08376112784035172
4.0,200.0,100.0,2.0,0.20483533322381353,0.0833327926092512
8.0,200.0,100.0,2.0,0.11773790549842833,0.08284443754734916
8.0,300.0,100.0,2.0,0.11773440770656018,0.08248364051786239
8.0,1000.0,100.0,2.0,0.12028477178351349,0.07977965556717281
12.0,300.0,200.0,1.0,0.23838393585083772,0.0778553258556699
10.0,500.0,100.0,2.0,0.09513776009348662,0.07474598547806299
10.0,500.0,100.0,2.0,0.0951377600934864,0.07474598547806299
10.0,800.0,100.0,2.0,0.09543289920491094,0.07365735254995576
12.0,500.0,100.0,2.0,0.07615388685230329,0.06964912532682932
12.0,800.0,100.0,2.0,0.07531920704959083,0.0693786562903227
12.0,400.0,100.0,2.0,0.07585915422188994,0.06908611505056417
12.0,100.0,100.0,2.0,0.07643288044518781,0.06830773027101977
12.0,200.0,100.0,2.0,0.07581113384572691,0.06709611555778916
4.0,50.0,100.0,1.0,0.21173295311645823,0.006573217673774612
4.0,150.0,100.0,1.0,0.21388616676514427,0.00011778059944134167
4.0,700.0,100.0,1.0,0.21608285247456216,-0.0010859646589413963
4.0,1000.0,100.0,1.0,0.21585130309781286,-0.0017637495790205904
4.0,500.0,100.0,1.0,0.21488374400642618,-0.0028749291723431103
4.0,900.0,100.0,1.0,0.21576219894855986,-0.003615621007823755
6.0,250.0,100.0,1.0,0.17020182114363613,-0.006597130586162958
6.0,200.0,100.0,1.0,0.17127594036285143,-0.007977403853213882
6.0,500.0,100.0,1.0,0.16843545248493386,-0.011032170817610654
10.0,900.0,100.0,1.0,0.11077975767850734,-0.011946244958398022
10.0,900.0,100.0,1.0,0.11077975767850723,-0.011946244958398466
12.0,300.0,100.0,1.0,0.09015787028239941,-0.01397795319953743
10.0,150.0,100.0,1.0,0.10766084626733696,-0.014570415431705008
10.0,400.0,100.0,1.0,0.11015722657573734,-0.014691784615607606
10.0,250.0,100.0,1.0,0.10984550013279837,-0.014718693799965044
12.0,500.0,100.0,1.0,0.08998165832116944,-0.0147520985617704
8.0,400.0,100.0,1.0,0.13678030528023077,-0.0181952011589126
