leaves,trees,coarseness,state,accuracy_train,accuracy_test
6.0,150.0,800.0,1.0,0.785327920509774,0.5489742242011609
4.0,100.0,800.0,1.0,0.8501329661886026,0.5481868800855789
4.0,200.0,600.0,1.0,0.8280388677535481,0.5466884372173175
4.0,250.0,600.0,1.0,0.8273019383565072,0.5438440779731377
8.0,50.0,800.0,1.0,0.7173395204329728,0.5419484709966892
4.0,50.0,2100.0,1.0,0.8489983613375025,0.5372144246305366
4.0,150.0,1000.0,1.0,0.8555880940650598,0.5363553961270123
4.0,100.0,2100.0,1.0,0.8539888196502368,0.5354550408323127
6.0,600.0,800.0,1.0,0.7812640908012836,0.533194846113209
4.0,1000.0,800.0,1.0,0.8500352692089511,0.5330606061011409
6.0,900.0,700.0,1.0,0.7596149486890039,0.5299388371667326
4.0,1000.0,900.0,1.0,0.8536953589254525,0.5282784242059928
6.0,600.0,600.0,1.0,0.7516981949712686,0.5275256556080323
4.0,100.0,300.0,1.0,0.6949759924163068,0.5273492441739691
6.0,1000.0,600.0,1.0,0.7499647084235749,0.5266763193269002
4.0,800.0,2400.0,1.0,0.8542216531998874,0.5244586436589314
6.0,300.0,700.0,1.0,0.7595353424422467,0.5242282587492364
4.0,150.0,700.0,1.0,0.8333517797496914,0.5241647590632693
4.0,900.0,2400.0,1.0,0.8537730230352492,0.524033585675435
4.0,250.0,400.0,1.0,0.7716552021568138,0.5238285769395326
4.0,300.0,400.0,1.0,0.7711560689387005,0.5237892856557862
4.0,700.0,2400.0,1.0,0.8536429001717267,0.5237583868664915
6.0,1000.0,1500.0,1.0,0.7945541958323398,0.523539544330831
6.0,500.0,700.0,1.0,0.7599118620021976,0.5233717653270145
6.0,900.0,1500.0,1.0,0.794273857394891,0.5228480780914664
4.0,400.0,400.0,1.0,0.7694823887640303,0.5223725037576221
4.0,100.0,400.0,1.0,0.7702993205627396,0.5221832495100265
4.0,700.0,500.0,1.0,0.7943875681402734,0.5219052957017367
4.0,250.0,900.0,1.0,0.8537365229269754,0.5216737374584766
4.0,800.0,500.0,1.0,0.7948597417121365,0.5215332305113406
4.0,800.0,500.0,1.0,0.7948597417121364,0.5215332305113405
4.0,200.0,400.0,1.0,0.7718605813924948,0.5208727999440179
4.0,900.0,1200.0,1.0,0.8469474267024367,0.520843596040244
4.0,500.0,1000.0,1.0,0.8517525085325786,0.5208389617931336
8.0,150.0,900.0,1.0,0.7312563516101491,0.5206141768070877
8.0,1000.0,800.0,1.0,0.7214444366226189,0.520570773957713
4.0,300.0,2400.0,1.0,0.8559977918897566,0.5202489277143967
8.0,300.0,900.0,1.0,0.7282279177396376,0.519508086601538
4.0,900.0,1500.0,1.0,0.8569290252351163,0.5193993756961406
6.0,700.0,900.0,1.0,0.7855513329948391,0.5191486315002068
4.0,100.0,1200.0,1.0,0.8482450884946495,0.5189890509992171
4.0,500.0,1500.0,1.0,0.858207019483059,0.5188028665547455
6.0,250.0,1500.0,1.0,0.7916069348948899,0.5188020621819873
4.0,1000.0,500.0,1.0,0.7949889436635307,0.5179498813655466
6.0,600.0,500.0,1.0,0.7113339747506313,0.5176939851914427
6.0,900.0,900.0,1.0,0.7855309847863189,0.5173661662762775
4.0,50.0,1200.0,1.0,0.8495546680138494,0.5169626143519084
4.0,150.0,2100.0,1.0,0.855385043288621,0.5168716433390257
8.0,1000.0,700.0,1.0,0.6948226253897842,0.5165398190112811
12.0,100.0,800.0,1.0,0.6423618886977988,0.5159181304161584
6.0,150.0,400.0,1.0,0.6860246701933957,0.5157328731411914
8.0,700.0,700.0,1.0,0.6941862156223146,0.5153446496237919
4.0,150.0,1500.0,1.0,0.8585652183974375,0.5149953870051631
8.0,250.0,600.0,1.0,0.6880282163089593,0.5147932624738599
6.0,150.0,500.0,1.0,0.7084233377781797,0.5147815283983268
4.0,50.0,400.0,1.0,0.7684989381692231,0.514554967195892
8.0,900.0,900.0,1.0,0.7259000070585182,0.5145254928643375
4.0,100.0,2400.0,1.0,0.8579145762122712,0.5144842015356405
8.0,800.0,900.0,1.0,0.7261247870599126,0.5144041890537581
8.0,800.0,900.0,1.0,0.7261247870599127,0.514404189053758
6.0,700.0,500.0,1.0,0.7117823802684456,0.5143327786098109
4.0,1000.0,1000.0,1.0,0.8511394684173905,0.5142849143975466
4.0,250.0,1500.0,1.0,0.8576292403827753,0.51424569894824
8.0,150.0,2400.0,1.0,0.7408751852517973,0.5141758362126914
4.0,1000.0,400.0,1.0,0.7703263094797577,0.514071866574694
6.0,250.0,2400.0,1.0,0.7954847098517599,0.5137073848348035
4.0,150.0,1200.0,1.0,0.8490658321845036,0.513622157159797
4.0,150.0,1200.0,1.0,0.8490658321845036,0.513622157159797
6.0,1000.0,500.0,1.0,0.7124168514642195,0.5128804361898305
8.0,700.0,1500.0,1.0,0.7342404771887749,0.5128072974275026
6.0,150.0,2400.0,1.0,0.7973821139334499,0.5125120825501224
6.0,600.0,1800.0,1.0,0.7947498181551866,0.51216579271175
6.0,400.0,900.0,1.0,0.7843060785249724,0.5120048552513012
8.0,1000.0,1500.0,1.0,0.7354027765619854,0.5112899568928178
8.0,300.0,700.0,1.0,0.6973678146862823,0.5110684583419991
8.0,400.0,600.0,1.0,0.6865106762561564,0.5109091409830888
8.0,1000.0,600.0,1.0,0.6851505130468797,0.5108855464428876
8.0,1000.0,600.0,1.0,0.6851505130468798,0.5108855464428876
4.0,50.0,3000.0,1.0,0.845671877309056,0.5107285858306713
10.0,400.0,800.0,1.0,0.6735200867360558,0.5102650027017529
10.0,400.0,800.0,1.0,0.6735200867360558,0.5102650027017527
8.0,50.0,2400.0,1.0,0.7380832714175749,0.5100294893144222
10.0,50.0,1800.0,1.0,0.6866719234532355,0.5098918182757304
10.0,700.0,700.0,1.0,0.644864517205606,0.5098872433558816
8.0,150.0,700.0,1.0,0.6976658492349121,0.5097907408186123
8.0,200.0,1800.0,1.0,0.7339523338061997,0.5097821136349179
6.0,500.0,1800.0,1.0,0.793455792880429,0.5095941039566603
10.0,500.0,700.0,1.0,0.6465064305062203,0.5095907050009574
10.0,500.0,700.0,1.0,0.6465064305062203,0.5095907050009574
8.0,500.0,700.0,1.0,0.6946993821916203,0.5093462010796012
10.0,900.0,700.0,1.0,0.6451890766950673,0.5092694007258294
10.0,600.0,700.0,1.0,0.6453904502863379,0.509180910584615
8.0,600.0,1800.0,1.0,0.7392347051000525,0.5091624341687594
4.0,1000.0,300.0,1.0,0.6988185831638485,0.5090977082075189
4.0,50.0,1800.0,1.0,0.8484292135967098,0.5086816202629199
4.0,700.0,1800.0,1.0,0.8543069228112221,0.508543096403971
4.0,1000.0,1800.0,1.0,0.855861781005711,0.5082702901359454
4.0,1000.0,1800.0,1.0,0.855861781005711,0.5082702901359454
4.0,150.0,1800.0,1.0,0.8554649343101858,0.5080725962864249
4.0,500.0,300.0,1.0,0.6976601994137642,0.5080083670784069
4.0,300.0,300.0,1.0,0.6961014942786105,0.5077564773179434
6.0,250.0,900.0,1.0,0.7875468031972994,0.5072606048800035
6.0,250.0,900.0,1.0,0.7875468031972994,0.5072606048800032
6.0,250.0,300.0,1.0,0.6181845243709678,0.5065705956359795
10.0,700.0,800.0,1.0,0.6724684352614844,0.5058554965812987
8.0,250.0,1800.0,1.0,0.7360643592629925,0.5057752851696968
8.0,250.0,1800.0,1.0,0.7360643592629925,0.5057752851696968
8.0,700.0,2400.0,1.0,0.7351288495015109,0.5057155718663623
10.0,800.0,800.0,1.0,0.6727386958968042,0.5056644598096247
4.0,900.0,3000.0,1.0,0.8439780087572427,0.5054371193241225
10.0,50.0,600.0,1.0,0.6412343954632507,0.5052167424117475
10.0,50.0,600.0,1.0,0.6412343954632507,0.5052167424117475
6.0,50.0,500.0,1.0,0.7093795363685534,0.5049517467504272
10.0,50.0,2400.0,1.0,0.6909361296949381,0.5049214788024339
10.0,50.0,2400.0,1.0,0.6909361296949381,0.5049214788024337
4.0,500.0,3000.0,1.0,0.843683321672878,0.50487607390877
6.0,100.0,900.0,1.0,0.7905987804117671,0.5048412589914049
6.0,500.0,1200.0,1.0,0.7805236514068581,0.5047492577714416
6.0,500.0,1200.0,1.0,0.7805236514068582,0.5047492577714416
8.0,500.0,500.0,1.0,0.6456763300554123,0.5044323645882246
4.0,700.0,3000.0,1.0,0.8440862844841771,0.5043507085133204
10.0,100.0,1800.0,1.0,0.6934173446690058,0.5041965624472062
6.0,800.0,300.0,1.0,0.6174947347640443,0.5031328651944451
6.0,1000.0,1000.0,1.0,0.7855086893257975,0.5031233682818395
8.0,300.0,1800.0,1.0,0.7363497491422176,0.5025302911783299
4.0,600.0,3000.0,1.0,0.8438780896453605,0.5024853982736465
10.0,100.0,2400.0,1.0,0.6963956215083347,0.5023892572200765
6.0,900.0,300.0,1.0,0.6175910515145446,0.5022723756905461
4.0,400.0,1800.0,1.0,0.8522027496558547,0.5021314038837184
8.0,100.0,500.0,1.0,0.633292329685772,0.5020662843590405
8.0,150.0,500.0,1.0,0.6410247190472407,0.5014815886560456
6.0,1000.0,300.0,1.0,0.6173380151349921,0.5013046868391313
4.0,300.0,2100.0,1.0,0.8520751316020824,0.5005462820192164
4.0,250.0,1800.0,1.0,0.8539426893109616,0.5000324596166812
8.0,800.0,500.0,1.0,0.6470365168305241,0.4996507736206973
10.0,900.0,900.0,1.0,0.6755563283997668,0.49947516897923605
8.0,900.0,1800.0,1.0,0.7395993853311202,0.4993815022691691
6.0,900.0,2700.0,1.0,0.78565303206893,0.4992268818751159
10.0,150.0,1500.0,1.0,0.6765982319039074,0.49857495150932274
8.0,1000.0,500.0,1.0,0.6468863701256506,0.49805960125274884
6.0,1000.0,2700.0,1.0,0.7856466995361979,0.4977285243333365
6.0,700.0,400.0,1.0,0.6857744667970834,0.49762666945482936
10.0,250.0,2400.0,1.0,0.6923427470068748,0.49748545151768075
10.0,800.0,2400.0,1.0,0.689116817964192,0.49579885079409414
12.0,500.0,800.0,1.0,0.6383747905374973,0.49549866742291904
12.0,900.0,800.0,1.0,0.6349529926625136,0.4950195558031891
4.0,900.0,2100.0,1.0,0.8509546531879595,0.4949935254536494
12.0,600.0,800.0,1.0,0.6366950569598109,0.4948313067144089
12.0,150.0,700.0,1.0,0.6123864133187238,0.49482382998411356
10.0,800.0,1500.0,1.0,0.6813636852166763,0.4946795398188404
8.0,100.0,300.0,1.0,0.5576692927733564,0.49438397434314574
8.0,300.0,1000.0,1.0,0.7264340721181195,0.49430860431381407
10.0,1000.0,2400.0,1.0,0.6878238250505697,0.4929000542745392
8.0,300.0,300.0,1.0,0.5602742489658888,0.4928691613404387
10.0,1000.0,600.0,1.0,0.6347700225711137,0.4925459032240863
8.0,150.0,400.0,1.0,0.6205148896827202,0.49253986121327775
4.0,900.0,2700.0,1.0,0.845986189943071,0.49239218152253783
8.0,900.0,1000.0,1.0,0.726214187104249,0.49235449544092
4.0,400.0,900.0,3.0,0.8447561787775663,0.4923235578073869
4.0,400.0,900.0,3.0,0.8447561787775661,0.4923235578073868
4.0,400.0,900.0,3.0,0.8447561787775661,0.4923235578073867
10.0,800.0,1800.0,1.0,0.6876895757568846,0.49214514076987026
8.0,1000.0,1000.0,1.0,0.725805320130627,0.4920497585262926
4.0,50.0,2700.0,1.0,0.847970011852068,0.4920253699338015
8.0,150.0,1200.0,1.0,0.7245754911865017,0.4912518907808303
8.0,150.0,1200.0,1.0,0.7245754911865017,0.4912518907808302
10.0,250.0,1800.0,1.0,0.6857997147325927,0.490748996303246
6.0,300.0,3000.0,1.0,0.7768513410714499,0.49040920857384174
12.0,50.0,1500.0,1.0,0.6240853814438179,0.48988121345004587
8.0,200.0,400.0,1.0,0.6221926703515528,0.4897582852122284
8.0,700.0,1000.0,1.0,0.7262477977387554,0.4894322091865849
8.0,600.0,300.0,1.0,0.5608973635277417,0.48885476948506956
6.0,250.0,2100.0,1.0,0.7885312037968204,0.48879221701036046
10.0,400.0,500.0,1.0,0.5961068459207379,0.48871746311419273
4.0,500.0,900.0,3.0,0.8448574716495202,0.4884426068735297
10.0,150.0,600.0,1.0,0.6380358077549046,0.48812040408529855
4.0,150.0,2700.0,1.0,0.8490106356142127,0.48785773125364484
10.0,250.0,500.0,1.0,0.5993035734364545,0.48773906798678124
8.0,200.0,1200.0,1.0,0.7233334190587055,0.4875829942836767
8.0,900.0,400.0,1.0,0.6220663700721425,0.4871820397565467
10.0,800.0,500.0,1.0,0.5974728884116403,0.4871512142982486
6.0,900.0,2100.0,1.0,0.7894449228169231,0.4870740112135076
6.0,150.0,3000.0,1.0,0.7843254089960299,0.48667057950024906
12.0,200.0,1500.0,1.0,0.6298543335947686,0.4864481083662626
10.0,400.0,1800.0,1.0,0.6849244951661906,0.4859715976360678
12.0,900.0,900.0,1.0,0.63368694472109,0.4851983139091195
12.0,600.0,900.0,1.0,0.6341505821473583,0.4845551597864656
10.0,300.0,400.0,1.0,0.5769904069220559,0.4841885889428147
4.0,150.0,900.0,3.0,0.840538243534608,0.4841167949524636
4.0,150.0,900.0,3.0,0.840538243534608,0.4841167949524636
4.0,150.0,900.0,3.0,0.840538243534608,0.4841167949524635
10.0,250.0,1000.0,1.0,0.677538927274638,0.48405770415253624
12.0,600.0,500.0,1.0,0.5584628869329944,0.4837631918717654
12.0,600.0,500.0,1.0,0.5584628869329944,0.4837631918717654
8.0,1000.0,2700.0,1.0,0.7252091936346632,0.48341770449303223
8.0,100.0,3000.0,1.0,0.7228327222460775,0.48335320871308507
12.0,250.0,1500.0,1.0,0.6319198606202132,0.48316640970694835
10.0,200.0,1000.0,1.0,0.6778044192567917,0.48290213972877205
10.0,200.0,400.0,1.0,0.5766079080498678,0.48228752966956234
12.0,800.0,1500.0,1.0,0.6348328228086144,0.48142434910178333
4.0,200.0,2700.0,1.0,0.8454635179899442,0.48064239660775276
12.0,50.0,700.0,1.0,0.6116476595240663,0.48005601801080033
10.0,700.0,300.0,1.0,0.5184140939411441,0.4792669125428607
12.0,700.0,500.0,1.0,0.5587622521619164,0.47908265715102005
12.0,200.0,600.0,1.0,0.5991151572803326,0.478812654167046
8.0,200.0,2700.0,1.0,0.7229147129515437,0.4786407216530998
10.0,200.0,300.0,1.0,0.5150448993167476,0.4784518498691188
6.0,250.0,1500.0,3.0,0.784948531541994,0.47775525585630374
4.0,100.0,2400.0,3.0,0.8427957207489655,0.4776282579583082
12.0,900.0,600.0,1.0,0.5956298064153631,0.47716174979258885
6.0,200.0,1500.0,3.0,0.7835916281575867,0.476252600927734
12.0,250.0,2400.0,1.0,0.6498379387195102,0.47616163139217194
12.0,800.0,1800.0,1.0,0.6457559888605584,0.47593553482467243
10.0,1000.0,1000.0,1.0,0.6763820239163201,0.47567163697186265
12.0,300.0,600.0,1.0,0.5997539753785757,0.4756706401524724
12.0,300.0,600.0,1.0,0.5997539753785756,0.4756706401524724
12.0,700.0,2400.0,1.0,0.6466773124052194,0.4754753351792065
4.0,150.0,800.0,3.0,0.8427941354636868,0.47536352655157954
10.0,500.0,1000.0,1.0,0.6771812199758585,0.47514067546244954
12.0,800.0,600.0,1.0,0.5961742432598387,0.4743998768473351
12.0,800.0,600.0,1.0,0.5961742432598387,0.474399876847335
8.0,100.0,2700.0,1.0,0.7215925517739255,0.47374409473387613
4.0,100.0,1000.0,3.0,0.8344657450489882,0.47292138712440956
12.0,700.0,600.0,1.0,0.5962710000943963,0.4726755540274654
10.0,500.0,2700.0,1.0,0.6775903435020756,0.4724198121087322
4.0,250.0,1500.0,3.0,0.8498633897621877,0.4722187348445501
12.0,1000.0,1800.0,1.0,0.6459532945320161,0.472201407295205
12.0,1000.0,1800.0,1.0,0.6459532945320162,0.472201407295205
6.0,300.0,1500.0,3.0,0.7847495726298723,0.4717239329183648
6.0,700.0,1500.0,3.0,0.7870903936353266,0.470904031358349
12.0,50.0,1000.0,1.0,0.6342046332658413,0.4702563083337873
12.0,150.0,300.0,1.0,0.4862139461151056,0.47018573570683886
4.0,150.0,2400.0,3.0,0.8457785947278129,0.46995766538509365
10.0,800.0,3000.0,1.0,0.6683605876460719,0.46984924971715336
4.0,100.0,900.0,3.0,0.8371001077013365,0.4697288477649739
12.0,300.0,1200.0,1.0,0.637987055053346,0.4694322300610183
4.0,600.0,800.0,3.0,0.8464012390219484,0.46930349546757044
8.0,800.0,2100.0,1.0,0.7325516818672962,0.4689159178155946
8.0,800.0,2100.0,1.0,0.7325516818672961,0.4689159178155946
6.0,600.0,900.0,3.0,0.7777799837159619,0.46880410623275803
4.0,500.0,1000.0,3.0,0.8418020481852408,0.46872769046978313
10.0,900.0,3000.0,1.0,0.6685567853582142,0.46871338864828793
4.0,900.0,800.0,3.0,0.8460325037683551,0.4686634573383728
10.0,100.0,3000.0,1.0,0.6718864551024575,0.4682412763609043
4.0,150.0,1000.0,3.0,0.8372635011074288,0.4679923955672429
8.0,250.0,2100.0,1.0,0.7325735795786326,0.4674183502113618
6.0,800.0,1500.0,3.0,0.7867482681436845,0.4673312401320533
10.0,800.0,2700.0,1.0,0.674356909179346,0.4671919790201897
10.0,800.0,2700.0,1.0,0.674356909179346,0.4671919790201897
12.0,250.0,1200.0,1.0,0.6399517169321044,0.46683897774639427
12.0,150.0,1200.0,1.0,0.6416697924566988,0.4668313910082834
12.0,150.0,1200.0,1.0,0.6416697924566988,0.4668313910082834
4.0,600.0,2400.0,3.0,0.8516072796725465,0.46541791559051804
4.0,900.0,200.0,1.0,0.596589892030969,0.4652390494362465
12.0,300.0,1000.0,1.0,0.6351724341388691,0.46510593503112674
12.0,400.0,1200.0,1.0,0.6331654829790838,0.4646595756688132
4.0,500.0,200.0,1.0,0.5975763043353015,0.4644212630996367
4.0,50.0,900.0,3.0,0.836663148025985,0.4644016523069473
4.0,800.0,1000.0,3.0,0.843468666286382,0.46419395552732035
6.0,50.0,1500.0,3.0,0.772769955524547,0.46380729074463023
6.0,150.0,1200.0,3.0,0.7791722982043012,0.46360433461703243
4.0,1000.0,2400.0,3.0,0.8522385564969777,0.4635048522751859
12.0,1000.0,300.0,1.0,0.4896389833848762,0.4633456586268593
4.0,900.0,1000.0,3.0,0.844090245354839,0.46331657293341855
4.0,700.0,500.0,3.0,0.794774451516038,0.4631140941381865
12.0,1000.0,1000.0,1.0,0.6367028288535771,0.46256803302525884
12.0,400.0,400.0,1.0,0.5354879631063238,0.4625250501119106
10.0,400.0,3000.0,1.0,0.6659635879324419,0.46248123641323924
4.0,700.0,2400.0,3.0,0.8524853807782271,0.4621973976710315
12.0,100.0,3000.0,1.0,0.635619099464765,0.4620389813557265
4.0,800.0,700.0,3.0,0.8343369702402998,0.4618334489615481
12.0,200.0,400.0,1.0,0.539391098632907,0.46170939502253683
4.0,1000.0,2400.0,2.0,0.8650169744302499,0.4616945660074747
12.0,700.0,1000.0,1.0,0.6382025561554625,0.4613882009695277
4.0,50.0,2400.0,2.0,0.8606318387406179,0.4613481971595711
6.0,900.0,500.0,3.0,0.715688688235512,0.4610965433986156
6.0,800.0,500.0,3.0,0.7155150155365351,0.460690529629718
8.0,200.0,900.0,3.0,0.7225680145368006,0.4600429924323779
4.0,700.0,700.0,3.0,0.8343298407756012,0.4597033535312741
6.0,400.0,800.0,3.0,0.7785266562903234,0.45871094649041244
12.0,500.0,400.0,1.0,0.5380718150158819,0.4583094044018732
4.0,900.0,2400.0,2.0,0.8644378576172179,0.45819814976624673
12.0,800.0,3000.0,1.0,0.6232927936179564,0.4579594871753411
6.0,250.0,800.0,3.0,0.7769583210177126,0.45782658358939976
10.0,200.0,2100.0,1.0,0.6789190718691053,0.45773524445717895
6.0,100.0,500.0,3.0,0.7054799970555806,0.4576955710727443
6.0,400.0,2400.0,3.0,0.7908563504636932,0.4574058579182356
12.0,800.0,400.0,1.0,0.5377042840445689,0.45701503627871576
12.0,800.0,400.0,1.0,0.5377042840445689,0.45701503627871565
12.0,300.0,3000.0,1.0,0.6245769571348598,0.45692060058778683
10.0,200.0,3000.0,1.0,0.6654545268665124,0.456909938210608
6.0,100.0,700.0,3.0,0.7605265652754584,0.45681877210651123
6.0,250.0,1200.0,3.0,0.781993677227927,0.45662075823534154
12.0,600.0,3000.0,1.0,0.6236510452032202,0.4564620918321255
6.0,700.0,1200.0,3.0,0.7858088364700941,0.4561065549234361
6.0,800.0,700.0,3.0,0.765071264471691,0.45584694428511785
8.0,50.0,2700.0,1.0,0.7211087732009315,0.4551635188296753
6.0,900.0,1200.0,3.0,0.7861884373842462,0.4548688464682408
6.0,900.0,1200.0,3.0,0.7861884373842462,0.4548688464682408
10.0,500.0,2100.0,1.0,0.6809681067859934,0.4547916569572139
4.0,300.0,1200.0,3.0,0.8474644096129291,0.45439065782970967
4.0,300.0,1200.0,3.0,0.8474644096129291,0.45439065782970967
4.0,300.0,1200.0,3.0,0.8474644096129291,0.45439065782970955
6.0,500.0,1000.0,3.0,0.7770919561350054,0.45329867493671916
6.0,500.0,1000.0,3.0,0.7770919561350055,0.45329867493671905
12.0,400.0,2700.0,1.0,0.6306705633828776,0.45277447334228615
6.0,500.0,700.0,3.0,0.7629204978628906,0.4526762636013065
6.0,1000.0,2400.0,3.0,0.7916313895299218,0.4519805843834638
12.0,700.0,2700.0,1.0,0.6313201033093807,0.4518525086106503
8.0,700.0,1500.0,3.0,0.7320623100131511,0.45103788921174015
12.0,1000.0,2700.0,1.0,0.6303898313347343,0.4505844415733692
6.0,700.0,2400.0,3.0,0.7925883222070855,0.4503441196824518
8.0,100.0,900.0,3.0,0.7180853458266528,0.4502760794935736
6.0,50.0,2700.0,3.0,0.7744221674716517,0.44932328472414773
6.0,1000.0,700.0,3.0,0.7643952208875001,0.4490302484412938
6.0,400.0,700.0,3.0,0.76335168688763,0.44882972212823424
6.0,400.0,700.0,3.0,0.76335168688763,0.44882972212823413
8.0,300.0,1000.0,3.0,0.716559587531796,0.4481744041058373
4.0,150.0,2400.0,2.0,0.8612573615083143,0.4477302234509931
12.0,50.0,400.0,1.0,0.5366467487343718,0.44752080264140337
6.0,100.0,1200.0,3.0,0.7774795595167209,0.4474800415528042
6.0,100.0,1200.0,3.0,0.7774795595167208,0.4474800415528041
4.0,50.0,1800.0,3.0,0.8508608272263659,0.4470464551631468
4.0,700.0,1800.0,3.0,0.8590275704856065,0.4469310439275097
4.0,400.0,1800.0,3.0,0.8570257461980784,0.44641134284199524
8.0,500.0,2400.0,3.0,0.7374501274145413,0.44640182187644295
10.0,300.0,900.0,3.0,0.6739329109994114,0.4459826348319199
8.0,1000.0,1500.0,3.0,0.7323401094786515,0.4455737590465493
6.0,250.0,700.0,3.0,0.7631539130181229,0.4455549735298958
8.0,900.0,500.0,3.0,0.6539342144755995,0.44476995650935136
4.0,800.0,600.0,3.0,0.8298485530436447,0.4432607849013126
4.0,100.0,600.0,3.0,0.8217106752050847,0.4432531861515351
4.0,250.0,600.0,3.0,0.8279657825340074,0.4431001511884105
8.0,250.0,1200.0,3.0,0.7300605109287839,0.4428927964379845
4.0,400.0,600.0,3.0,0.8297511593927294,0.4424443806180751
12.0,900.0,2100.0,1.0,0.6408753380773419,0.44158078671208467
6.0,100.0,2100.0,3.0,0.7883200320472636,0.4414810617873953
12.0,200.0,2700.0,1.0,0.6295891266142545,0.44144917613322066
8.0,700.0,800.0,3.0,0.7230114344658208,0.44122817049847407
6.0,400.0,1800.0,3.0,0.7992825701282911,0.44078152780068647
8.0,150.0,500.0,3.0,0.6485842053379665,0.44038405086257526
12.0,1000.0,2100.0,1.0,0.6408961912870739,0.44025262805966014
8.0,800.0,2400.0,3.0,0.7393040398364825,0.44019707735969626
8.0,900.0,700.0,3.0,0.70741219131144,0.4400183432992034
4.0,200.0,700.0,3.0,0.8324374817811104,0.43971369258790993
4.0,200.0,700.0,3.0,0.8324374817811103,0.43971369258790993
8.0,800.0,700.0,3.0,0.7076594106669861,0.439483833775711
8.0,800.0,700.0,3.0,0.7076594106669861,0.439483833775711
8.0,700.0,2400.0,3.0,0.7395625285690344,0.4393475684411152
8.0,1000.0,2400.0,3.0,0.7374899440956206,0.43907658345198464
8.0,700.0,700.0,3.0,0.7074155901150622,0.4390238259150391
10.0,1000.0,900.0,3.0,0.6765028295457203,0.43887653275696703
4.0,600.0,2700.0,3.0,0.8474108678539638,0.4383820950796429
10.0,250.0,800.0,3.0,0.6751881114298033,0.43832947245585907
10.0,250.0,800.0,3.0,0.6751881114298033,0.43832947245585907
8.0,400.0,1200.0,3.0,0.7301813107804008,0.43816676442930114
6.0,500.0,2700.0,3.0,0.7830660172750962,0.43757992688790714
12.0,600.0,2100.0,1.0,0.6426817259453141,0.43751243665203454
10.0,600.0,900.0,3.0,0.6767155942836469,0.4374137007928104
4.0,50.0,1500.0,3.0,0.8374543448846486,0.4372352253862174
8.0,250.0,700.0,3.0,0.7020998371165834,0.4368128015834747
8.0,1000.0,1200.0,3.0,0.731013529072184,0.43644075089664236
8.0,700.0,2400.0,2.0,0.7549348899509029,0.43569052584583057
8.0,400.0,700.0,3.0,0.7028918193388394,0.43530441703543643
12.0,250.0,2100.0,1.0,0.6423527761709393,0.43520454329891456
10.0,150.0,500.0,3.0,0.6000200122142412,0.43438421280002837
4.0,100.0,2700.0,3.0,0.838742372847327,0.43433455054977865
4.0,600.0,1800.0,2.0,0.8595230319887318,0.4342142244467332
4.0,400.0,2700.0,2.0,0.8564773572483566,0.4340561762762922
10.0,800.0,500.0,3.0,0.6081450118436875,0.43404755944521556
12.0,50.0,2100.0,1.0,0.6317401401491592,0.4337467158283693
4.0,500.0,1800.0,2.0,0.859443153813197,0.4334226551214121
4.0,500.0,1800.0,2.0,0.859443153813197,0.4334226551214121
12.0,300.0,2100.0,1.0,0.6418280415769128,0.4327447984833519
10.0,700.0,1000.0,3.0,0.6752291540127526,0.43266623924630043
6.0,50.0,2100.0,3.0,0.7898163296921927,0.4325866287070975
6.0,200.0,600.0,3.0,0.7583471448111161,0.4321441189157871
10.0,300.0,1000.0,3.0,0.6708199324132093,0.43195939158904095
6.0,250.0,2400.0,2.0,0.8034942393127606,0.4316319654274843
6.0,250.0,2400.0,2.0,0.8034942393127606,0.43163196542748417
6.0,300.0,2700.0,3.0,0.780290190438434,0.43162225423770484
10.0,400.0,1000.0,3.0,0.6721866469091902,0.4310979670548426
10.0,400.0,1000.0,3.0,0.6721866469091902,0.4310979670548425
10.0,900.0,800.0,3.0,0.6772098371513144,0.4310764056010933
10.0,900.0,800.0,3.0,0.6772098371513144,0.43107640560109317
10.0,1000.0,2400.0,2.0,0.7102657037525886,0.43104813964981403
6.0,500.0,600.0,3.0,0.7598202704540215,0.43091447133226013
6.0,50.0,1800.0,3.0,0.7978706453611787,0.43079076847478825
6.0,500.0,200.0,1.0,0.5200009976265783,0.43079048053519464
6.0,150.0,2400.0,2.0,0.8021230827044484,0.4307532646761393
6.0,200.0,200.0,1.0,0.5200749560065312,0.4292423689238585
6.0,250.0,200.0,1.0,0.5198101081583077,0.4291041416334751
6.0,50.0,3000.0,2.0,0.8012408369713879,0.4290612292331122
10.0,900.0,2400.0,2.0,0.7095336743719634,0.42900466604421517
10.0,900.0,2400.0,2.0,0.7095336743719634,0.42900466604421494
10.0,600.0,800.0,3.0,0.6765504971859146,0.4285323569416729
6.0,800.0,600.0,3.0,0.7603201665713538,0.42848639027146684
4.0,300.0,2100.0,3.0,0.8490731658132351,0.4283275826458848
6.0,600.0,600.0,3.0,0.7601070554292273,0.4282608868329685
4.0,150.0,400.0,3.0,0.7671743274939358,0.4282598624020949
10.0,100.0,1000.0,3.0,0.6621213660170262,0.42815146588119324
8.0,600.0,1800.0,3.0,0.7474591209420731,0.42813682200128333
10.0,150.0,1000.0,3.0,0.6691851701474224,0.42741736975000655
4.0,250.0,2700.0,2.0,0.8549721091616396,0.4273708845687436
4.0,250.0,2700.0,2.0,0.8549721091616396,0.4273708845687435
6.0,1000.0,2700.0,2.0,0.7964739175940115,0.42728524792218614
10.0,800.0,1500.0,3.0,0.6848199448098065,0.42708345389684577
4.0,200.0,400.0,3.0,0.76804851448053,0.4266734547670551
6.0,700.0,600.0,3.0,0.7609255091497238,0.426479805996556
4.0,700.0,400.0,3.0,0.7690352897928547,0.42644063912884034
4.0,400.0,2100.0,2.0,0.8569317825722098,0.4263489823161527
8.0,400.0,1800.0,3.0,0.7478270380890568,0.42610896313747515
10.0,1000.0,1500.0,3.0,0.6845191823626655,0.42555554127265316
10.0,1000.0,1500.0,3.0,0.6845191823626655,0.42555554127265305
4.0,800.0,2100.0,3.0,0.8511022005824418,0.42462929232201996
12.0,250.0,1500.0,3.0,0.6433828552229233,0.42420916002464026
4.0,900.0,2100.0,2.0,0.859118025001838,0.4241609493757357
12.0,800.0,500.0,3.0,0.5731728908495607,0.4240831545024628
10.0,600.0,1500.0,3.0,0.6847318419511446,0.42390623354057666
10.0,600.0,1500.0,3.0,0.6847318419511446,0.42390623354057644
6.0,500.0,2700.0,2.0,0.795308335312464,0.4237610775351579
6.0,800.0,2700.0,2.0,0.7957946347871905,0.4237118940592075
10.0,900.0,700.0,3.0,0.6627899599508715,0.42369188064140284
12.0,100.0,500.0,3.0,0.5633465606475245,0.42353254180365585
12.0,100.0,500.0,3.0,0.5633465606475244,0.42353254180365585
12.0,200.0,500.0,3.0,0.5649421872073596,0.4235133957962458
10.0,50.0,2400.0,2.0,0.7086590848522036,0.4233719478886989
6.0,400.0,400.0,3.0,0.6899409959619784,0.4229103069337292
6.0,400.0,400.0,3.0,0.6899409959619784,0.4229103069337292
6.0,50.0,2700.0,2.0,0.7863016366280933,0.4225970136837979
12.0,900.0,500.0,3.0,0.5731610017454531,0.4223534980674657
12.0,500.0,500.0,3.0,0.570738145398847,0.4223039198842271
10.0,250.0,1200.0,3.0,0.6816870137786362,0.42219025305726887
10.0,800.0,1200.0,3.0,0.684163367353675,0.422056808255185
4.0,250.0,1800.0,2.0,0.8586071880876773,0.42162208342322516
4.0,250.0,1800.0,2.0,0.8586071880876773,0.42162208342322516
4.0,250.0,1800.0,2.0,0.8586071880876773,0.42162208342322516
10.0,400.0,2400.0,2.0,0.7087986397179451,0.42157823926273785
12.0,700.0,900.0,3.0,0.6395135252558082,0.42125835517365606
12.0,50.0,1500.0,3.0,0.6338676627730568,0.4205498344631571
8.0,250.0,2400.0,2.0,0.7512520041390616,0.4205222055225918
10.0,300.0,1200.0,3.0,0.6810669735767869,0.4201931565712097
8.0,300.0,1800.0,3.0,0.7455773538481811,0.41959688227143965
12.0,800.0,900.0,3.0,0.6387917388951896,0.4194688187891563
6.0,300.0,400.0,3.0,0.6887189849084892,0.41857972373063157
12.0,150.0,900.0,3.0,0.633645218334615,0.4184925158811853
4.0,250.0,3000.0,3.0,0.8386790371121107,0.41835060958300996
10.0,400.0,1200.0,3.0,0.6809819470459015,0.4181839473787201
12.0,250.0,800.0,3.0,0.6387940729037205,0.4176636900528303
4.0,300.0,3000.0,3.0,0.837153517233267,0.4174351016898771
12.0,150.0,2400.0,2.0,0.6693344550216357,0.4171819650999665
8.0,150.0,1800.0,3.0,0.7432253584860132,0.4164318660686035
8.0,150.0,200.0,1.0,0.4711686840975343,0.4161265911858859
10.0,200.0,2400.0,2.0,0.7062471691669057,0.4151627019932691
4.0,400.0,3000.0,3.0,0.8382491156696306,0.414800997761511
6.0,150.0,3000.0,2.0,0.788757884478342,0.41397941798067317
6.0,150.0,3000.0,2.0,0.788757884478342,0.41397941798067295
12.0,1000.0,800.0,3.0,0.6394765134507122,0.41378263194898524
8.0,1000.0,600.0,3.0,0.7027583427383619,0.41354026702392443
8.0,600.0,600.0,3.0,0.7026895737646729,0.41339404798025503
6.0,900.0,300.0,3.0,0.6341219738681827,0.412693395769513
12.0,400.0,2400.0,3.0,0.6536070233785777,0.4126154972254662
12.0,500.0,1000.0,3.0,0.6366570832230322,0.41225376063094343
6.0,300.0,2100.0,3.0,0.7897732516598996,0.4119043585539446
12.0,500.0,1500.0,3.0,0.644594727010422,0.4112429806849043
12.0,400.0,1000.0,3.0,0.6336194130344015,0.4109558492924624
8.0,400.0,600.0,3.0,0.7031489978904044,0.41076239461442676
4.0,300.0,300.0,3.0,0.7014239815609997,0.4098332195591009
12.0,900.0,1000.0,3.0,0.6372115901480357,0.4096217695075517
6.0,400.0,2100.0,3.0,0.7893667580846682,0.40930913653930767
12.0,100.0,1000.0,3.0,0.6235805338721997,0.40915887466590195
12.0,600.0,1500.0,3.0,0.6450664877078278,0.40885502032467747
8.0,250.0,200.0,1.0,0.47167058590648747,0.408658116965364
4.0,1000.0,3000.0,3.0,0.8407639265989311,0.40804018961239474
4.0,1000.0,3000.0,3.0,0.8407639265989311,0.40804018961239474
12.0,700.0,2400.0,3.0,0.654977161522776,0.4078089176589056
12.0,700.0,2400.0,3.0,0.6549771615227759,0.4078089176589055
4.0,800.0,3000.0,3.0,0.8412475615298427,0.407696404285918
4.0,800.0,3000.0,3.0,0.8412475615298427,0.407696404285918
4.0,800.0,3000.0,3.0,0.8412475615298427,0.407696404285918
6.0,1000.0,3000.0,3.0,0.7767459133486045,0.4076024814486494
6.0,1000.0,3000.0,3.0,0.7767459133486045,0.4076024814486494
12.0,900.0,2400.0,3.0,0.654915933393594,0.40754109459396404
6.0,800.0,2100.0,2.0,0.7971708292999468,0.40738735553052285
6.0,500.0,2100.0,3.0,0.7901411586197691,0.40705684972028366
10.0,200.0,600.0,3.0,0.656202295215911,0.4067088883373642
10.0,1000.0,600.0,3.0,0.6582630156229771,0.4066859601181817
6.0,800.0,3000.0,3.0,0.7762335692545296,0.4064659740141989
8.0,1000.0,300.0,3.0,0.583074252539232,0.40637657904374636
12.0,1000.0,700.0,3.0,0.6251482883938289,0.40587736226758575
6.0,250.0,3000.0,3.0,0.7752410070307729,0.4056124784031776
10.0,250.0,1800.0,3.0,0.6992333297460616,0.40545598518223214
4.0,250.0,300.0,3.0,0.7009541400424771,0.40537703287559956
8.0,800.0,300.0,3.0,0.5819873367889932,0.4046455120279058
12.0,800.0,1200.0,3.0,0.647331809581562,0.40459370853741594
6.0,250.0,2700.0,2.0,0.7892142792818321,0.40355974771629244
12.0,50.0,900.0,3.0,0.6383273788572983,0.40330573080938603
10.0,900.0,2700.0,3.0,0.6792511473443819,0.4031258428331793
4.0,1000.0,800.0,2.0,0.8600312706540993,0.4029888984602136
4.0,1000.0,800.0,2.0,0.8600312706540993,0.4029888984602136
12.0,1000.0,1200.0,3.0,0.646746660991961,0.4027281669335949
8.0,500.0,2700.0,2.0,0.7396323876916298,0.40238753097818536
8.0,900.0,2100.0,3.0,0.7348901439720527,0.4023349145520976
12.0,200.0,600.0,3.0,0.6243481475240538,0.40219861680647806
8.0,400.0,400.0,3.0,0.6276815203112873,0.4015165953785146
8.0,800.0,2100.0,3.0,0.7355172705842283,0.4010527684034374
10.0,100.0,600.0,3.0,0.6543937643567808,0.40086712849916284
8.0,150.0,2100.0,3.0,0.7323389958032352,0.39980558662060117
6.0,200.0,2700.0,2.0,0.7887078147872185,0.3996998846100922
6.0,200.0,2700.0,2.0,0.7887078147872185,0.3996998846100922
4.0,150.0,800.0,2.0,0.858992933762677,0.39946692564073805
6.0,700.0,800.0,2.0,0.7933595002875709,0.39901561890807236
6.0,800.0,800.0,2.0,0.7936398566481144,0.39858010399771715
6.0,800.0,800.0,2.0,0.7936398566481144,0.39858010399771704
12.0,1000.0,1800.0,3.0,0.6631813908471538,0.39811920393745615
8.0,300.0,300.0,3.0,0.5785463698481947,0.39794623059584333
4.0,200.0,2100.0,2.0,0.8522131594309152,0.39776845711132636
12.0,300.0,700.0,3.0,0.6236146936299409,0.39766862062756403
4.0,800.0,3000.0,2.0,0.8536287314824711,0.3975667174219851
4.0,800.0,3000.0,2.0,0.8536287314824712,0.397566717421985
4.0,600.0,800.0,2.0,0.8588283251025209,0.3974320523792162
8.0,400.0,3000.0,3.0,0.7160455389775919,0.39742967520706696
6.0,1000.0,800.0,2.0,0.7947831951829104,0.3973280503523199
8.0,400.0,2700.0,2.0,0.7389607795360648,0.3971830701852537
4.0,300.0,3000.0,2.0,0.8508132662134513,0.3968692254004609
8.0,150.0,400.0,3.0,0.6249042023163626,0.3967903718601776
8.0,200.0,2100.0,3.0,0.7319235478844031,0.39641359744169813
6.0,300.0,800.0,2.0,0.7913628597740625,0.3964040135553998
4.0,700.0,3000.0,2.0,0.8536527620182779,0.3957962710874272
12.0,200.0,1800.0,3.0,0.6590463408984826,0.3955655415462562
4.0,1000.0,200.0,3.0,0.6050422477926483,0.39406107033808224
6.0,250.0,800.0,2.0,0.789493277915191,0.3937942886051746
8.0,50.0,3000.0,2.0,0.7370909236690315,0.393777621525516
10.0,100.0,2700.0,3.0,0.6743729362878064,0.3931706948771997
10.0,100.0,2700.0,3.0,0.6743729362878064,0.3931706948771996
10.0,150.0,200.0,1.0,0.4391156628317172,0.39311892067650867
4.0,50.0,300.0,2.0,0.7134987467572955,0.3924148206341944
10.0,600.0,2100.0,2.0,0.6941822021318771,0.39226256721781083
6.0,700.0,3000.0,2.0,0.7941210014025866,0.3920652610858605
8.0,250.0,2700.0,2.0,0.7359857995360868,0.39205654369728826
8.0,100.0,300.0,3.0,0.5677015149140403,0.3907773953203906
8.0,250.0,3000.0,3.0,0.7157355982162786,0.3907509798243546
8.0,500.0,1800.0,2.0,0.7487827392618315,0.3906398775946498
12.0,50.0,1800.0,3.0,0.6595024296418905,0.390364462391131
8.0,600.0,1800.0,2.0,0.7476520590705498,0.38994709237479275
8.0,1000.0,800.0,2.0,0.7409243362665777,0.3896057603436507
10.0,700.0,1800.0,2.0,0.7029127668127972,0.3894856433312469
4.0,1000.0,1000.0,2.0,0.8502776850740723,0.3894381717238161
10.0,400.0,400.0,3.0,0.5855446852891579,0.38933630887435455
6.0,200.0,2100.0,2.0,0.7899946124156352,0.38926174426829585
10.0,900.0,400.0,3.0,0.5881746488088404,0.38903377918471715
4.0,900.0,1500.0,2.0,0.8632314801984267,0.38892008603798256
4.0,1000.0,1200.0,2.0,0.8591669559509987,0.3887488363995264
4.0,1000.0,1200.0,2.0,0.8591669559509987,0.3887488363995264
6.0,100.0,300.0,3.0,0.6266360366129056,0.3879731575821369
6.0,100.0,300.0,3.0,0.6266360366129056,0.3879731575821369
6.0,700.0,1500.0,2.0,0.8007108183468179,0.38773413802598944
6.0,700.0,1500.0,2.0,0.800710818346818,0.38773413802598944
6.0,900.0,1500.0,2.0,0.8014900613495012,0.3870372995995992
6.0,200.0,800.0,2.0,0.7892838775268989,0.38702652100893586
6.0,1000.0,1500.0,2.0,0.8015863888649956,0.38682814267257504
10.0,300.0,200.0,1.0,0.4386093009044222,0.38671981575862513
12.0,1000.0,300.0,3.0,0.5111111000266028,0.38653762245327605
8.0,50.0,300.0,3.0,0.5716043981383898,0.3862822857986945
4.0,700.0,1000.0,2.0,0.8485877139330884,0.38592995731578794
8.0,600.0,800.0,2.0,0.7398540707437453,0.3858692413961937
8.0,200.0,300.0,3.0,0.5765315034798792,0.3858507435935795
8.0,400.0,1800.0,2.0,0.7483459497338092,0.3856974566434752
12.0,800.0,2100.0,2.0,0.6532248581513846,0.3854570471444051
4.0,400.0,1500.0,2.0,0.8609580167750444,0.3853662100536621
6.0,150.0,300.0,3.0,0.6288997822526095,0.38502239337799016
8.0,100.0,800.0,2.0,0.7398688921948327,0.38500960643459625
12.0,50.0,200.0,1.0,0.4070329632294095,0.3848298144535407
8.0,500.0,2100.0,2.0,0.7401573247782625,0.38466494567810583
6.0,700.0,1200.0,2.0,0.7957580861869946,0.3842441856498934
4.0,800.0,1500.0,2.0,0.8619207418294815,0.3837964832452804
4.0,800.0,1500.0,2.0,0.8619207418294815,0.38379648324528026
4.0,800.0,1500.0,2.0,0.8619207418294816,0.38379648324528015
12.0,50.0,2700.0,2.0,0.6531352616469251,0.38359480027788306
4.0,500.0,1200.0,2.0,0.8591300060185181,0.3833288511513461
12.0,800.0,2700.0,3.0,0.6379669842806048,0.38306845455556904
4.0,400.0,1200.0,2.0,0.8590782057651449,0.38275605974411897
4.0,400.0,1200.0,2.0,0.8590782057651449,0.38275605974411897
10.0,100.0,800.0,2.0,0.6885997802507828,0.3826712713755015
10.0,250.0,400.0,3.0,0.5831172220213015,0.38202916275243404
10.0,250.0,400.0,3.0,0.5831172220213015,0.3820291627524339
10.0,1000.0,2100.0,3.0,0.6856789933043588,0.3813702735766499
8.0,300.0,2100.0,2.0,0.7372103980806424,0.3813616690400814
12.0,250.0,1800.0,2.0,0.6669295953279986,0.38116137907292924
12.0,500.0,2700.0,3.0,0.6370018199200729,0.38100177548653524
12.0,500.0,2700.0,3.0,0.6370018199200729,0.38100177548653524
10.0,800.0,200.0,1.0,0.43291600571206545,0.38021162038921374
8.0,400.0,800.0,2.0,0.7396543490351879,0.3801202477724559
12.0,500.0,800.0,2.0,0.6564597954440314,0.37981025577175764
10.0,800.0,2100.0,3.0,0.6862210358572183,0.379801794986632
4.0,400.0,1000.0,2.0,0.8482489745284068,0.37956446813250155
12.0,700.0,400.0,3.0,0.5577797348636655,0.3792240770677342
10.0,700.0,800.0,2.0,0.6929256524700664,0.378370735419721
12.0,900.0,400.0,3.0,0.5564659959424298,0.3778963687928518
10.0,600.0,2700.0,2.0,0.6934871587699951,0.37762341332013927
12.0,1000.0,2700.0,2.0,0.656626721458303,0.3775587573428487
12.0,400.0,2700.0,3.0,0.6345514769471803,0.3772822794190208
12.0,400.0,800.0,2.0,0.6555275229535331,0.3772288777950873
6.0,500.0,1200.0,2.0,0.7957927231501184,0.37680045077614943
12.0,250.0,2700.0,3.0,0.6343036403332649,0.3767519054214231
12.0,200.0,1800.0,2.0,0.6659781065137617,0.37577543264700997
6.0,150.0,1200.0,2.0,0.792662675914029,0.3753408921134317
10.0,1000.0,3000.0,3.0,0.6656687957937585,0.3753109989064971
12.0,200.0,200.0,1.0,0.4100969197717047,0.37468140298741415
10.0,400.0,2100.0,3.0,0.6819068706536742,0.37461234968359847
8.0,700.0,3000.0,2.0,0.7400353998381008,0.3734144308908339
6.0,200.0,300.0,2.0,0.6408709085568854,0.37295349667239786
10.0,600.0,800.0,2.0,0.6930328405065589,0.37244784894090377
8.0,100.0,3000.0,2.0,0.730382896869183,0.37219713455755077
12.0,250.0,300.0,3.0,0.502061514199482,0.3712562847735792
6.0,400.0,1000.0,2.0,0.786577398793581,0.3711660055898057
10.0,500.0,800.0,2.0,0.6931538245483109,0.37102002864413586
10.0,200.0,3000.0,3.0,0.6623476544457424,0.3708956057377062
6.0,300.0,200.0,3.0,0.5385505349365388,0.3708852735882363
6.0,700.0,600.0,2.0,0.7657748228710058,0.3700985015420094
12.0,250.0,400.0,3.0,0.5523482266022197,0.3698158636047746
12.0,300.0,200.0,1.0,0.4083930297762668,0.3695697262067268
12.0,200.0,300.0,2.0,0.5383552271056695,0.3693406720046011
12.0,250.0,3000.0,3.0,0.6253043676436606,0.3679930360971042
12.0,250.0,3000.0,3.0,0.6253043676436606,0.3679930360971042
12.0,250.0,3000.0,3.0,0.6253043676436607,0.3679930360971042
12.0,400.0,200.0,1.0,0.4063106800578431,0.36782910678839276
12.0,600.0,200.0,1.0,0.40642441463226,0.36778572833649703
4.0,300.0,1000.0,2.0,0.8468814655260878,0.3676312580558261
4.0,500.0,600.0,2.0,0.8360120096165564,0.3670458891346966
12.0,900.0,2100.0,3.0,0.6468042968702011,0.366981247807297
6.0,250.0,200.0,3.0,0.5402426950333048,0.3669023885211815
6.0,250.0,200.0,3.0,0.5402426950333048,0.3669023885211815
12.0,400.0,2100.0,3.0,0.6437848116646727,0.36662979636622006
12.0,250.0,300.0,2.0,0.5400948450121779,0.36658044010363444
12.0,250.0,300.0,2.0,0.5400948450121777,0.36658044010363444
12.0,600.0,2100.0,3.0,0.6456910340125261,0.3663359889594501
4.0,250.0,1200.0,2.0,0.8565869989146053,0.3662831067729081
4.0,600.0,900.0,2.0,0.857905644077721,0.3659592383505592
12.0,1000.0,200.0,1.0,0.4038073251764097,0.36583394729820917
12.0,1000.0,200.0,1.0,0.4038073251764097,0.36583394729820906
12.0,1000.0,200.0,1.0,0.4038073251764097,0.36583394729820895
12.0,300.0,300.0,2.0,0.5384153949461967,0.3650554763645866
4.0,200.0,600.0,2.0,0.829175857000995,0.36489297042491486
4.0,250.0,300.0,2.0,0.7117229158120639,0.3648881885671119
4.0,100.0,2100.0,2.0,0.8570474693992398,0.3645416160924764
4.0,400.0,600.0,2.0,0.8343742459514965,0.36446906356983566
6.0,600.0,200.0,3.0,0.5382480891607648,0.36361453029474755
6.0,700.0,200.0,3.0,0.5378317684891798,0.3633002125949205
10.0,250.0,300.0,2.0,0.5645251747699931,0.3631419887148283
6.0,150.0,300.0,2.0,0.642013071602979,0.3628605390351093
6.0,700.0,300.0,2.0,0.6431619294651683,0.3621472248026668
6.0,700.0,300.0,2.0,0.6431619294651681,0.3621472248026668
6.0,700.0,300.0,2.0,0.6431619294651683,0.3621472248026666
8.0,50.0,800.0,2.0,0.7398526779205123,0.3618009963379253
12.0,400.0,2700.0,2.0,0.6548606713253748,0.36165665301163996
6.0,500.0,300.0,2.0,0.6426372310425631,0.3614376328983391
4.0,150.0,1500.0,2.0,0.8552394565325663,0.36122939730387815
12.0,500.0,300.0,2.0,0.5360889422574044,0.36115111795102595
12.0,250.0,2100.0,3.0,0.64233234183713,0.36108409173696254
10.0,300.0,2700.0,2.0,0.6933898180778764,0.36091714583859036
10.0,300.0,2700.0,2.0,0.6933898180778761,0.36091714583859036
12.0,800.0,300.0,2.0,0.5347702324223683,0.36077401806524245
12.0,1000.0,3000.0,3.0,0.6253342678482514,0.36022163853112377
12.0,900.0,3000.0,3.0,0.6251893330175142,0.35978603963171896
8.0,200.0,1800.0,2.0,0.7483999459884789,0.3596498920708894
6.0,50.0,2100.0,2.0,0.7977779815429372,0.3594616389933729
6.0,800.0,300.0,2.0,0.6426969904359484,0.35945170352509737
12.0,1000.0,1200.0,2.0,0.663096872869617,0.35944717307909524
12.0,700.0,3000.0,3.0,0.6249170735818597,0.3589972722320687
6.0,100.0,300.0,2.0,0.6473518138473779,0.3584536055230688
8.0,250.0,300.0,2.0,0.5972927105390191,0.35759117672966145
10.0,500.0,1500.0,2.0,0.7025740881217759,0.3567735696524821
12.0,400.0,1200.0,2.0,0.6613213272166869,0.35668256495236306
10.0,800.0,1500.0,2.0,0.7014634926016349,0.3562451287796272
4.0,50.0,2100.0,2.0,0.856780153977948,0.35576703708796753
4.0,1000.0,500.0,2.0,0.8035927577824066,0.3554186122449402
6.0,600.0,400.0,2.0,0.6961871123669099,0.3547012732979591
12.0,200.0,2700.0,2.0,0.6534985361993044,0.35411642339325755
4.0,500.0,500.0,2.0,0.8042633188827194,0.3533318808445378
10.0,200.0,800.0,2.0,0.6885250781681933,0.3532639350638571
12.0,50.0,300.0,3.0,0.4938182838994609,0.35317926838685454
10.0,400.0,1500.0,2.0,0.7016467982623407,0.35293004128219463
10.0,900.0,300.0,2.0,0.5601342646040757,0.3528406362810056
6.0,250.0,600.0,2.0,0.7620761327681833,0.3517725423652359
8.0,900.0,600.0,2.0,0.7050216229903896,0.351280353064641
10.0,200.0,600.0,2.0,0.6624350149374598,0.351088441694799
4.0,600.0,500.0,2.0,0.8042417843522198,0.350024715572371
12.0,100.0,1500.0,2.0,0.6668301341321652,0.34894360243157707
8.0,150.0,2100.0,2.0,0.7307137530067684,0.3475716429114516
8.0,100.0,1500.0,2.0,0.745389225899767,0.3472857343650996
8.0,600.0,300.0,2.0,0.5941300928737365,0.34660330961714747
4.0,150.0,400.0,2.0,0.7684269980641303,0.34621751670434164
6.0,150.0,1500.0,2.0,0.7929379880285986,0.34584048175483806
10.0,250.0,1200.0,2.0,0.6948685852393641,0.3454696620196428
10.0,250.0,600.0,2.0,0.6644261069844986,0.34501081201234707
6.0,150.0,400.0,2.0,0.6973020437554417,0.34483388703231954
6.0,150.0,400.0,2.0,0.6973020437554416,0.3448338870323193
6.0,200.0,600.0,2.0,0.7587381901340691,0.34394816778789294
10.0,50.0,2100.0,2.0,0.6937600730846838,0.3424388016748141
12.0,150.0,1200.0,2.0,0.6575420206776621,0.3424038442262798
6.0,100.0,1800.0,2.0,0.797909912745461,0.34183226800136735
10.0,800.0,1000.0,2.0,0.6839479950854721,0.34143175266352455
10.0,200.0,1200.0,2.0,0.6950875293753903,0.34061955880040984
8.0,200.0,1200.0,2.0,0.7360696105932822,0.3393646713857009
10.0,1000.0,1000.0,2.0,0.6854564335160653,0.339343766548621
12.0,250.0,1200.0,2.0,0.6569651751600375,0.3379999691885479
10.0,500.0,600.0,2.0,0.6647342587574889,0.3372321435285148
12.0,700.0,1000.0,2.0,0.6490525333122785,0.33640689823882464
8.0,150.0,200.0,3.0,0.4896634506775359,0.33524154748144397
12.0,800.0,1000.0,2.0,0.6486381170754048,0.3349099589220802
12.0,800.0,400.0,2.0,0.5667127459613441,0.33440509146636377
8.0,900.0,400.0,2.0,0.6372538387291188,0.3343562604186282
12.0,600.0,1000.0,2.0,0.6490752687724215,0.33423435164807513
10.0,1000.0,400.0,2.0,0.5977800545539191,0.33348409401086965
6.0,1000.0,500.0,2.0,0.7256546673123805,0.33139600361634913
10.0,150.0,600.0,2.0,0.6644356504019721,0.3305901029746108
10.0,150.0,600.0,2.0,0.6644356504019721,0.3305901029746108
8.0,500.0,400.0,2.0,0.637860021301351,0.3296513393286825
12.0,150.0,600.0,2.0,0.6290639298163687,0.32703930175363194
10.0,50.0,400.0,2.0,0.6009612119350174,0.32665071828704095
10.0,50.0,400.0,2.0,0.6009612119350174,0.32665071828704095
8.0,300.0,1000.0,2.0,0.7277753182956679,0.32659388492310537
10.0,400.0,200.0,3.0,0.4580420779680515,0.32624094803427084
4.0,700.0,700.0,2.0,0.846069571110033,0.32609249284944075
8.0,600.0,400.0,2.0,0.637070812579406,0.3257267155019301
12.0,100.0,500.0,2.0,0.5981603721873776,0.3256633744057159
4.0,1000.0,700.0,2.0,0.8469405709743167,0.32527960439550674
10.0,600.0,200.0,3.0,0.45882053126756417,0.3244433407031114
4.0,150.0,900.0,2.0,0.8540968846301469,0.3221506190326129
8.0,100.0,600.0,2.0,0.7108799179122767,0.32142405608614344
10.0,200.0,200.0,3.0,0.45672244585496946,0.31791819291347945
10.0,200.0,200.0,3.0,0.45672244585496957,0.3179181929134792
8.0,300.0,400.0,2.0,0.6362966487459532,0.3177053539092245
8.0,300.0,400.0,2.0,0.6362966487459532,0.3177053539092244
8.0,800.0,900.0,2.0,0.742787967768496,0.31766809730823764
10.0,150.0,400.0,2.0,0.5972938281487465,0.3153280702959307
4.0,100.0,1000.0,2.0,0.8441367671357942,0.31426777161042574
12.0,50.0,500.0,2.0,0.5922027815665476,0.31421201963816336
8.0,300.0,500.0,2.0,0.6675150860161294,0.31416918734669097
8.0,700.0,900.0,2.0,0.7423747435881821,0.31283199416999974
8.0,250.0,500.0,2.0,0.6654658022893748,0.31259658378352095
12.0,100.0,600.0,2.0,0.6290202651574224,0.3112813146443112
6.0,300.0,900.0,2.0,0.7949799909854972,0.3106968159967143
10.0,250.0,500.0,2.0,0.6312953855375072,0.3104241103413823
10.0,250.0,500.0,2.0,0.6312953855375072,0.3104241103413823
10.0,300.0,1000.0,2.0,0.6828075231814188,0.3084317862221131
10.0,700.0,500.0,2.0,0.6290866640188877,0.3083943687391404
8.0,700.0,500.0,2.0,0.6700792593548057,0.30741071548362253
12.0,700.0,200.0,3.0,0.4291410717143864,0.3073135569461868
8.0,200.0,400.0,2.0,0.6335635432505576,0.30474123256133345
10.0,400.0,500.0,2.0,0.6316185360883526,0.30413707721384053
12.0,300.0,500.0,2.0,0.5991266421566,0.30409509591318784
10.0,500.0,500.0,2.0,0.6309802010840495,0.3031625740905376
12.0,300.0,1000.0,2.0,0.6477522376964865,0.3026244479530785
12.0,300.0,1000.0,2.0,0.6477522376964865,0.3026244479530783
12.0,600.0,900.0,2.0,0.6667497664455951,0.30103016524798687
12.0,500.0,500.0,2.0,0.5980496863572704,0.2998720589020085
6.0,250.0,900.0,2.0,0.7938376801255548,0.2977433447062956
6.0,200.0,900.0,2.0,0.7940047783625627,0.2971318849326797
8.0,250.0,900.0,2.0,0.7398917134561596,0.295259773381249
6.0,1000.0,700.0,2.0,0.78137530139609,0.2942480697029707
4.0,900.0,200.0,2.0,0.6233384042053469,0.287060833415856
8.0,700.0,700.0,2.0,0.7240810844506851,0.2833981119895903
10.0,400.0,900.0,2.0,0.6990007641146487,0.2827268612960361
10.0,400.0,900.0,2.0,0.6990007641146487,0.2827268612960361
10.0,150.0,1000.0,2.0,0.6816722295197486,0.2814491911259731
8.0,900.0,700.0,2.0,0.7251423922871691,0.28140112259680294
8.0,1000.0,700.0,2.0,0.7253558101827955,0.27880837108285017
10.0,900.0,200.0,2.0,0.473400340025124,0.2772871339635752
10.0,250.0,900.0,2.0,0.6972189249922016,0.2771379675871368
8.0,1000.0,200.0,2.0,0.5096322816728205,0.2764373059908125
10.0,800.0,200.0,2.0,0.4726240268249018,0.2760525200180053
10.0,600.0,200.0,2.0,0.473475945731037,0.2746236819247829
10.0,400.0,200.0,2.0,0.47490241506033726,0.2742901033332329
12.0,1000.0,200.0,2.0,0.4425357676339917,0.2742354460243748
6.0,900.0,200.0,2.0,0.5534259900655741,0.27386264278814443
12.0,600.0,200.0,2.0,0.44215527398725996,0.2728078806524574
6.0,700.0,200.0,2.0,0.553901043547911,0.2723500026376259
6.0,700.0,200.0,2.0,0.5539010435479111,0.27235000263762577
12.0,200.0,900.0,2.0,0.6637644187397161,0.27138543119668923
12.0,200.0,900.0,2.0,0.6637644187397161,0.2713854311966891
10.0,900.0,700.0,2.0,0.6816287811016623,0.27020429569403337
12.0,500.0,700.0,2.0,0.644499715108559,0.2700877434477834
10.0,500.0,700.0,2.0,0.6805229136277737,0.26862301729923566
12.0,300.0,200.0,2.0,0.44346274454875134,0.26776050228436366
6.0,300.0,200.0,2.0,0.5548230643027674,0.26558581393674807
10.0,150.0,200.0,2.0,0.47414500198314524,0.2649875008830428
8.0,200.0,200.0,2.0,0.5127591095436386,0.2640344841818213
10.0,100.0,900.0,2.0,0.6992537733439628,0.2639014257939152
10.0,100.0,200.0,2.0,0.47224006317222733,0.2624883892793527
12.0,1000.0,700.0,2.0,0.6445584055897666,0.2623789349413488
12.0,150.0,200.0,2.0,0.44758225209761526,0.2588898807293748
12.0,150.0,700.0,2.0,0.6406825538067857,0.2567677109795372
12.0,150.0,700.0,2.0,0.6406825538067857,0.2567677109795372
8.0,150.0,200.0,2.0,0.5132737625878585,0.2542377102827207
8.0,150.0,200.0,2.0,0.5132737625878585,0.2542377102827207
12.0,300.0,700.0,2.0,0.6430222153558891,0.2532342067544632
8.0,50.0,700.0,2.0,0.7187289442865541,0.2489487703441835
12.0,50.0,200.0,2.0,0.43776034812363096,0.23087124591039054
4.0,400.0,100.0,3.0,0.3855130966086089,0.22697784329443893
4.0,600.0,100.0,3.0,0.38724009499667367,0.22416283469532294
4.0,700.0,100.0,3.0,0.38761301979573626,0.22069753586227614
6.0,50.0,100.0,3.0,0.30165263113055807,0.2089405340359427
6.0,250.0,100.0,3.0,0.31202155728793957,0.1998857559004109
6.0,300.0,100.0,3.0,0.3102229007194317,0.1992458225373217
6.0,600.0,100.0,3.0,0.3156639321851802,0.19682704902671444
6.0,200.0,100.0,1.0,0.3189697125276637,0.18226961289644183
6.0,200.0,100.0,1.0,0.3189697125276637,0.18226961289644183
6.0,100.0,100.0,1.0,0.3229878179839182,0.18185376293128142
6.0,300.0,100.0,1.0,0.32512381872755314,0.18155437918833328
6.0,150.0,100.0,1.0,0.3240867453720785,0.18152772203048284
6.0,600.0,100.0,1.0,0.3257115589215126,0.17838723134289725
6.0,1000.0,100.0,1.0,0.3275914036706078,0.17484324054688993
8.0,1000.0,100.0,3.0,0.25530620628442746,0.17134535444230747
8.0,800.0,100.0,3.0,0.2566464410958259,0.1709547913667364
8.0,150.0,100.0,3.0,0.24379315673896218,0.1678986532577933
8.0,150.0,100.0,1.0,0.27044535159534966,0.16600876200445203
8.0,200.0,100.0,1.0,0.2706155363473083,0.1655428395420948
8.0,200.0,100.0,1.0,0.2706155363473083,0.1655428395420946
8.0,250.0,100.0,1.0,0.27173459668677136,0.16225195572874174
8.0,800.0,100.0,1.0,0.2716545668367515,0.16051731517875356
8.0,400.0,100.0,1.0,0.2682216150858213,0.15970603810855732
10.0,150.0,100.0,3.0,0.19093845766473305,0.13044498885080846
10.0,150.0,100.0,1.0,0.21366566669202558,0.12897616144201818
12.0,50.0,100.0,3.0,0.1418012236091023,0.09637495549268815
12.0,100.0,100.0,3.0,0.14009621971510922,0.09164420788312799
12.0,150.0,100.0,3.0,0.14135302253397863,0.08939685611818593
12.0,50.0,100.0,1.0,0.16233873740733484,0.08653874785329274
12.0,900.0,100.0,3.0,0.13950685321607925,0.08563786199264511
12.0,1000.0,100.0,3.0,0.13939879056687865,0.08512054084496967
12.0,250.0,100.0,3.0,0.1372324049567466,0.08379805129041695
12.0,300.0,100.0,3.0,0.13430510064989232,0.08183281437851975
12.0,200.0,100.0,1.0,0.1544420275549503,0.08043448710323275
12.0,250.0,100.0,1.0,0.1551021170649154,0.07836084997320902
12.0,250.0,100.0,1.0,0.15510211706491528,0.07836084997320891
10.0,400.0,100.0,2.0,0.22186839244571555,0.04511206271267587
10.0,400.0,100.0,2.0,0.22186839244571543,0.04511206271267565
10.0,600.0,100.0,2.0,0.22242005850443858,0.042111509748184894
10.0,700.0,100.0,2.0,0.22196626264523123,0.04204007632329554
8.0,300.0,100.0,2.0,0.2891116999646246,0.040301443952389326
8.0,300.0,100.0,2.0,0.2891116999646247,0.040301443952389326
12.0,250.0,100.0,2.0,0.14897668880204773,0.03775870388709446
8.0,400.0,100.0,2.0,0.290115083597553,0.03742250051869489
8.0,900.0,100.0,2.0,0.28793757600206504,0.036525611327332896
6.0,800.0,100.0,2.0,0.3429346742947761,0.014889580586045614
6.0,500.0,100.0,2.0,0.34335860946260843,0.012437046868381207
4.0,900.0,100.0,2.0,0.41225156045088873,-0.014993898275899475
4.0,600.0,100.0,2.0,0.40868273886493056,-0.015032578814542674
4.0,200.0,100.0,2.0,0.40686377600901125,-0.017852168518647016
